omega_tau,C_12,C_13,C_23,K_3
0.0,-0.59984,-0.59548,1.0,0.99564
0.006289474781961547,-0.6036,-0.60496,0.99998,1.00134
0.012578949563923095,-0.61224,-0.62002,0.99994,1.00772
0.018868424345884642,-0.6175,-0.63156,0.99988,1.0139399999999998
0.02515789912784619,-0.62348,-0.639,0.99976,1.01528
0.03144737390980774,-0.62294,-0.64568,0.99954,1.0222799999999999
0.037736848691769284,-0.63166,-0.6589,0.99908,1.0263200000000001
0.04402632347373083,-0.6377,-0.66744,0.99884,1.0285799999999998
0.05031579825569238,-0.6368,-0.6738,0.99888,1.03588
0.056605273037653926,-0.64586,-0.6848,0.99838,1.03732
0.06289474781961547,-0.64526,-0.69436,0.99802,1.04712
0.06918422260157703,-0.6483,-0.70796,0.9976,1.05726
0.07547369738353857,-0.66248,-0.71524,0.9976,1.05036
0.08176317216550011,-0.6636,-0.71964,0.99696,1.053
0.08805264694746166,-0.66616,-0.72626,0.99584,1.05594
0.09434212172942322,-0.67134,-0.7411,0.99578,1.06554
0.10063159651138476,-0.67582,-0.74378,0.99488,1.06284
0.1069210712933463,-0.68506,-0.76012,0.9942,1.0692599999999999
0.11321054607530785,-0.68716,-0.76648,0.99354,1.07286
0.1195000208572694,-0.68764,-0.77028,0.99268,1.07532
0.12578949563923095,-0.69886,-0.7789,0.99224,1.0722800000000001
0.1320789704211925,-0.70036,-0.79192,0.9917,1.0832600000000001
0.13836844520315406,-0.70664,-0.79396,0.98992,1.07724
0.1446579199851156,-0.71192,-0.80474,0.98876,1.08158
0.15094739476707714,-0.71304,-0.80992,0.98838,1.08526
0.15723686954903868,-0.71442,-0.81694,0.98694,1.0894599999999999
0.16352634433100022,-0.72298,-0.82478,0.98662,1.0884200000000002
0.16981581911296179,-0.72272,-0.83348,0.98518,1.09594
0.17610529389492333,-0.73362,-0.836,0.98466,1.08704
0.18239476867688487,-0.73692,-0.84768,0.9825,1.09326
0.18868424345884643,-0.73602,-0.85052,0.98372,1.09822
0.19497371824080797,-0.74416,-0.85872,0.98092,1.09548
0.20126319302276952,-0.74836,-0.86294,0.97908,1.0936599999999999
0.20755266780473106,-0.74926,-0.87592,0.97886,1.1055199999999998
0.2138421425866926,-0.75564,-0.87562,0.97724,1.09722
0.22013161736865416,-0.76094,-0.88528,0.97632,1.10066
0.2264210921506157,-0.76854,-0.8925,0.97414,1.0981
0.23271056693257725,-0.76662,-0.89574,0.97286,1.10198
0.2390000417145388,-0.7723,-0.8999,0.9724,1.1
0.24528951649650035,-0.77316,-0.90702,0.9699,1.10376
0.2515789912784619,-0.782,-0.91272,0.97066,1.1013799999999998
0.25786846606042346,-0.78412,-0.91742,0.96642,1.09972
0.264157940842385,-0.7882,-0.92194,0.9651,1.09884
0.27044741562434654,-0.79082,-0.9261,0.96368,1.09896
0.2767368904063081,-0.79268,-0.9318,0.96282,1.10194
0.2830263651882696,-0.8001,-0.93292,0.9608,1.09362
0.2893158399702312,-0.8032,-0.94038,0.9598,1.0969799999999998
0.2956053147521927,-0.80816,-0.94292,0.95582,1.09058
0.3018947895341543,-0.812,-0.94932,0.95578,1.0931
0.30818426431611584,-0.81442,-0.95366,0.95228,1.09152
0.31447373909807735,-0.81794,-0.9573,0.95048,1.0898400000000001
0.3207632138800389,-0.82284,-0.95996,0.94858,1.0857
0.32705268866200043,-0.82602,-0.96116,0.94618,1.08132
0.333342163443962,-0.8284,-0.96454,0.94388,1.08002
0.33963163822592357,-0.83508,-0.97042,0.94296,1.0783
0.3459211130078851,-0.8337,-0.9723,0.94006,1.0786600000000002
0.35221058778984665,-0.84002,-0.9737,0.93888,1.0725600000000002
0.3585000625718082,-0.84158,-0.97752,0.93684,1.0727799999999998
0.36478953735376973,-0.84594,-0.97952,0.93436,1.06794
0.3710790121357313,-0.84666,-0.98284,0.93388,1.0700600000000002
0.37736848691769287,-0.84964,-0.98532,0.92922,1.0649000000000002
0.3836579616996544,-0.85602,-0.9873,0.92856,1.05984
0.38994743648161595,-0.85774,-0.98988,0.92674,1.05888
0.39623691126357746,-0.8623,-0.99066,0.92286,1.05122
0.40252638604553903,-0.86548,-0.99214,0.91698,1.04364
0.4088158608275006,-0.86938,-0.99346,0.9184,1.0424799999999999
0.4151053356094621,-0.8714,-0.99554,0.91614,1.04028
0.4213948103914237,-0.87304,-0.99664,0.91358,1.0371799999999998
0.4276842851733852,-0.87928,-0.9975,0.9097,1.02792
0.43397375995534676,-0.88038,-0.99818,0.90876,1.02656
0.44026323473730833,-0.88602,-0.99868,0.90312,1.01578
0.44655270951926984,-0.88636,-0.99928,0.9035,1.0164199999999999
0.4528421843012314,-0.88918,-0.99974,0.8992,1.00976
0.459131659083193,-0.89332,-0.99996,0.89532,1.00196
0.4654211338651545,-0.89608,-0.99998,0.89124,0.99514
0.47171060864711606,-0.89826,-0.99994,0.89122,0.9929000000000001
0.4780000834290776,-0.90066,-0.99962,0.88654,0.9854999999999999
0.48428955821103914,-0.90278,-0.99914,0.88254,0.9789
0.4905790329930007,-0.90666,-0.99862,0.88252,0.9744799999999999
0.4968685077749622,-0.90668,-0.99782,0.87698,0.96812
0.5031579825569238,-0.91104,-0.99698,0.877,0.96294
0.5094474573388853,-0.913,-0.99546,0.87554,0.958
0.5157369321208469,-0.91588,-0.99484,0.87102,0.9499799999999999
0.5220264069028084,-0.91686,-0.99348,0.86658,0.9432
0.52831588168477,-0.92376,-0.99172,0.86346,0.93142
0.5346053564667316,-0.92472,-0.99074,0.8613,0.9273199999999999
0.5408948312486931,-0.9255,-0.98876,0.85906,0.92232
0.5471843060306546,-0.92864,-0.98604,0.85284,0.91024
0.5534737808126162,-0.9305,-0.9837,0.85186,0.90506
0.5597632555945777,-0.93296,-0.98086,0.84762,0.89552
0.5660527303765392,-0.93546,-0.97988,0.8419,0.88632
0.5723422051585008,-0.94014,-0.97772,0.84478,0.88236
0.5786316799404624,-0.94028,-0.9743,0.83904,0.8730600000000001
0.5849211547224239,-0.94216,-0.9708,0.83608,0.86472
0.5912106295043854,-0.94608,-0.96736,0.8307,0.85198
0.597500104286347,-0.94562,-0.96546,0.82536,0.8452
0.6037895790683085,-0.94728,-0.9596,0.82342,0.83574
0.6100790538502701,-0.95074,-0.95758,0.81746,0.8242999999999999
0.6163685286322317,-0.9506,-0.95256,0.8154,0.81736
0.6226580034141932,-0.95362,-0.9505,0.8126,0.80948
0.6289474781961547,-0.95488,-0.94436,0.80752,0.797
0.6352369529781163,-0.95828,-0.94096,0.8018,0.78448
0.6415264277600778,-0.95964,-0.93664,0.79982,0.77682
0.6478159025420394,-0.96112,-0.93302,0.7973,0.7692
0.6541053773240009,-0.96372,-0.9276,0.79414,0.7580199999999999
0.6603948521059625,-0.96354,-0.92324,0.79094,0.75064
0.666684326887924,-0.9672,-0.9201,0.78356,0.7364600000000001
0.6729738016698855,-0.96756,-0.91326,0.78378,0.72948
0.6792632764518471,-0.97036,-0.90926,0.77906,0.7179599999999999
0.6855527512338087,-0.97162,-0.903,0.77576,0.70714
0.6918422260157702,-0.97356,-0.89764,0.7707,0.6947800000000001
0.6981317007977318,-0.97332,-0.89404,0.76494,0.6856599999999999
0.7044211755796933,-0.97538,-0.88626,0.76182,0.6727000000000001
0.7107106503616548,-0.97616,-0.88072,0.75538,0.65994
0.7170001251436164,-0.97808,-0.8736,0.75396,0.6494800000000001
0.723289599925578,-0.97924,-0.87062,0.74942,0.6407999999999999
0.7295790747075395,-0.9803,-0.86058,0.74488,0.62516
0.7358685494895011,-0.98182,-0.85354,0.74482,0.61654
0.7421580242714626,-0.98268,-0.85094,0.73872,0.6069800000000001
0.7484474990534241,-0.98486,-0.84276,0.73224,0.59014
0.7547369738353857,-0.98486,-0.83624,0.72894,0.5803200000000001
0.7610264486173473,-0.98618,-0.82638,0.72352,0.5637200000000001
0.7673159233993088,-0.9878,-0.82296,0.72488,0.56004
0.7736053981812703,-0.9882,-0.81304,0.7119,0.53674
0.7798948729632319,-0.98914,-0.80714,0.71172,0.52972
0.7861843477451934,-0.99086,-0.79528,0.70782,0.51224
0.7924738225271549,-0.99094,-0.79258,0.70216,0.5037999999999999
0.7987632973091165,-0.9919,-0.7848,0.69712,0.49002
0.8050527720910781,-0.992,-0.77478,0.69402,0.4768
0.8113422468730396,-0.99354,-0.7669,0.69118,0.46454000000000006
0.8176317216550012,-0.99392,-0.76328,0.68588,0.45524
0.8239211964369627,-0.99438,-0.74934,0.68042,0.43538
0.8302106712189242,-0.99538,-0.73924,0.67594,0.41979999999999995
0.8365001460008858,-0.99614,-0.73312,0.6721,0.40908
0.8427896207828474,-0.99682,-0.7242,0.66644,0.39381999999999995
0.8490790955648089,-0.99682,-0.71708,0.65636,0.37662000000000007
0.8553685703467704,-0.99738,-0.70788,0.65404,0.36453999999999986
0.861658045128732,-0.99752,-0.70088,0.65002,0.35338
0.8679475199106935,-0.99812,-0.69184,0.64638,0.34009999999999996
0.874236994692655,-0.99866,-0.67898,0.6404,0.32072
0.8805264694746167,-0.99868,-0.67156,0.6324,0.30528
0.8868159442565782,-0.99924,-0.6605,0.62912,0.29037999999999997
0.8931054190385397,-0.99944,-0.64874,0.62848,0.27778
0.8993948938205013,-0.99966,-0.6427,0.61948,0.2625200000000001
0.9056843686024628,-0.99986,-0.63122,0.61524,0.24660000000000004
0.9119738433844243,-0.99988,-0.62892,0.60972,0.23876000000000008
0.918263318166386,-0.99998,-0.61152,0.60986,0.22139999999999993
0.9245527929483475,-1.0,-0.6079,0.59952,0.20742000000000005
0.930842267730309,-1.0,-0.59534,0.60022,0.19555999999999996
0.9371317425122706,-0.99986,-0.58636,0.59328,0.17978000000000005
0.9434212172942321,-0.99984,-0.5752,0.59026,0.1656200000000001
0.9497106920761936,-0.99964,-0.5625,0.58028,0.14314000000000004
0.9560001668581553,-0.99944,-0.5534,0.57962,0.13358000000000003
0.9622896416401168,-0.99952,-0.54808,0.57134,0.1199
0.9685791164220783,-0.99898,-0.53686,0.56644,0.10432000000000008
0.9748685912040398,-0.99892,-0.52248,0.56416,0.08772000000000002
0.9811580659860014,-0.99838,-0.51108,0.55804,0.07073999999999991
0.9874475407679629,-0.99802,-0.50084,0.55208,0.05489999999999995
0.9937370155499244,-0.99792,-0.48974,0.54842,0.04024
1.000026490331886,-0.99724,-0.47738,0.53066,0.010800000000000032
1.0063159651138476,-0.99692,-0.46366,0.53748,0.004219999999999946
1.012605439895809,-0.996,-0.45346,0.52948,-0.013060000000000072
1.0188949146777706,-0.99556,-0.44064,0.5251,-0.029820000000000013
1.0251843894597321,-0.99542,-0.43598,0.51532,-0.04411999999999999
1.0314738642416938,-0.99456,-0.42426,0.50856,-0.06173999999999996
1.0377633390236554,-0.99396,-0.41158,0.50978,-0.07259999999999994
1.0440528138056169,-0.9936,-0.39648,0.50208,-0.09504000000000007
1.0503422885875784,-0.99222,-0.38772,0.4992,-0.1053
1.05663176336954,-0.9915,-0.37196,0.4874,-0.13213999999999998
1.0629212381515014,-0.99054,-0.36216,0.48748,-0.14089999999999997
1.0692107129334631,-0.98894,-0.34532,0.484,-0.15962000000000004
1.0755001877154247,-0.98924,-0.34012,0.4731,-0.17602000000000007
1.0817896624973862,-0.98824,-0.32854,0.47016,-0.18954
1.0880791372793477,-0.98688,-0.31322,0.4665,-0.20715999999999996
1.0943686120613092,-0.98594,-0.30084,0.45546,-0.22964000000000007
1.1006580868432707,-0.98498,-0.2919,0.45182,-0.24125999999999997
1.1069475616252324,-0.98388,-0.27508,0.4444,-0.26439999999999997
1.113237036407194,-0.98238,-0.26822,0.44352,-0.27064
1.1195265111891555,-0.98364,-0.26256,0.43826,-0.28281999999999996
1.125815985971117,-0.9797,-0.24116,0.43244,-0.30610000000000004
1.1321054607530785,-0.97888,-0.23432,0.42288,-0.3216800000000001
1.13839493553504,-0.97704,-0.22002,0.4156,-0.34141999999999995
1.1446844103170015,-0.97658,-0.2069,0.41296,-0.35672000000000004
1.1509738850989633,-0.97504,-0.18992,0.4059,-0.37922
1.1572633598809248,-0.9732,-0.18164,0.40446,-0.3871
1.1635528346628863,-0.97256,-0.16944,0.39606,-0.40706
1.1698423094448478,-0.97188,-0.15962,0.3889,-0.42335999999999996
1.1761317842268093,-0.96786,-0.1446,0.38426,-0.4390000000000001
1.1824212590087708,-0.96762,-0.13474,0.37688,-0.45600000000000007
1.1887107337907326,-0.96592,-0.12062,0.37312,-0.47218
1.195000208572694,-0.96446,-0.10442,0.37048,-0.48955999999999994
1.2012896833546556,-0.9624,-0.0955,0.3577,-0.5092
1.207579158136617,-0.96038,-0.08242,0.3536,-0.5243599999999999
1.2138686329185786,-0.95806,-0.07244,0.34794,-0.5376799999999999
1.2201581077005401,-0.9568,-0.05296,0.34416,-0.55968
1.2264475824825016,-0.95584,-0.04788,0.33454,-0.5734199999999999
1.2327370572644634,-0.9525,-0.03696,0.3321,-0.5834400000000001
1.2390265320464249,-0.95044,-0.017,0.32526,-0.6081799999999999
1.2453160068283864,-0.95154,-0.00782,0.31748,-0.62624
1.251605481610348,-0.94776,0.00194,0.31932,-0.6303800000000002
1.2578949563923094,-0.9461,0.01892,0.30846,-0.65656
1.264184431174271,-0.9448,0.0302,0.30534,-0.6696599999999999
1.2704739059562327,-0.94184,0.04698,0.29402,-0.6948000000000001
1.2767633807381942,-0.9417,0.06074,0.28972,-0.71272
1.2830528555201557,-0.938,0.06704,0.28124,-0.7238
1.2893423303021172,-0.93418,0.07918,0.28004,-0.73332
1.2956318050840787,-0.93298,0.08898,0.27256,-0.7494000000000001
1.3019212798660402,-0.93012,0.10442,0.27262,-0.7619199999999999
1.3082107546480017,-0.92688,0.11568,0.25528,-0.78728
1.3145002294299635,-0.92682,0.13342,0.25528,-0.80496
1.320789704211925,-0.92482,0.14166,0.25206,-0.81442
1.3270791789938865,-0.92012,0.1593,0.24144,-0.8379800000000001
1.333368653775848,-0.91962,0.16972,0.2384,-0.8509399999999999
1.3396581285578095,-0.91792,0.18416,0.22704,-0.8750399999999999
1.345947603339771,-0.91366,0.19498,0.22812,-0.88052
1.3522370781217328,-0.9119,0.2045,0.22056,-0.8958400000000001
1.3585265529036943,-0.91004,0.21476,0.21598,-0.90882
1.3648160276856558,-0.90586,0.23062,0.20208,-0.9343999999999999
1.3711055024676173,-0.90422,0.24384,0.20248,-0.9455800000000001
1.3773949772495788,-0.89918,0.2527,0.18936,-0.96252
1.3836844520315403,-0.89652,0.26604,0.1873,-0.97526
1.389973926813502,-0.896,0.27702,0.179,-0.9940200000000001
1.3962634015954636,-0.8916,0.29604,0.17554,-1.0121
1.402552876377425,-0.88854,0.30062,0.16236,-1.0268000000000002
1.4088423511593866,-0.88458,0.31564,0.16194,-1.03828
1.4151318259413481,-0.8845,0.32234,0.15626,-1.05058
1.4214213007233096,-0.87924,0.33754,0.14736,-1.06942
1.4277107755052711,-0.8763,0.35014,0.14244,-1.084
1.4340002502872329,-0.87464,0.3671,0.13354,-1.1082
1.4402897250691944,-0.87066,0.37348,0.1346,-1.10954
1.446579199851156,-0.86854,0.38872,0.12488,-1.13238
1.4528686746331174,-0.86494,0.39638,0.11406,-1.14726
1.459158149415079,-0.86282,0.40128,0.11316,-1.15094
1.4654476241970404,-0.85972,0.41408,0.10096,-1.17284
1.4717370989790022,-0.85674,0.4315,0.10302,-1.18522
1.4780265737609637,-0.85162,0.43872,0.0859,-1.20444
1.4843160485429252,-0.8476,0.45738,0.08032,-1.22466
1.4906055233248867,-0.84242,0.4664,0.07836,-1.2304599999999999
1.4968949981068482,-0.8395,0.47478,0.07348,-1.2408000000000001
1.5031844728888097,-0.83964,0.48712,0.06976,-1.2570000000000001
1.5094739476707715,-0.83706,0.49794,0.05898,-1.27602
1.515763422452733,-0.83194,0.50928,0.05876,-1.28246
1.5220528972346945,-0.82834,0.51998,0.04766,-1.30066
1.528342372016656,-0.8225,0.5254,0.03538,-1.3125200000000001
1.5346318467986175,-0.82332,0.54266,0.03898,-1.327
1.540921321580579,-0.81888,0.55732,0.03282,-1.3433800000000002
1.5472107963625406,-0.81422,0.56236,0.0201,-1.35648
1.5535002711445023,-0.8092,0.56926,0.0144,-1.36406
1.5597897459264638,-0.80596,0.57686,0.01158,-1.37124
1.5660792207084253,-0.80204,0.5907,0.00712,-1.3856199999999999
1.5723686954903868,-0.80034,0.6018,-0.00134,-1.40348
1.5786581702723483,-0.79696,0.61516,-0.0089,-1.42102
1.5849476450543099,-0.79392,0.62074,-0.01306,-1.4277199999999999
1.5912371198362716,-0.78852,0.6334,-0.01968,-1.4416
1.597526594618233,-0.78476,0.64034,-0.02562,-1.45072
1.6038160694001946,-0.7788,0.65202,-0.0366,-1.4674200000000002
1.6101055441821561,-0.77752,0.66298,-0.03636,-1.4768599999999998
1.6163950189641176,-0.77208,0.67018,-0.04026,-1.48252
1.6226844937460791,-0.76628,0.67626,-0.05194,-1.4944799999999998
1.6289739685280407,-0.76558,0.6907,-0.05782,-1.5141
1.6352634433100024,-0.76238,0.69852,-0.06238,-1.52328
1.641552918091964,-0.75556,0.70856,-0.07178,-1.5358999999999998
1.6478423928739254,-0.75376,0.7173,-0.07772,-1.54878
1.654131867655887,-0.74898,0.72712,-0.08208,-1.5581800000000001
1.6604213424378484,-0.74704,0.73256,-0.08638,-1.5659800000000001
1.66671081721981,-0.73888,0.74308,-0.09302,-1.57498
1.6730002920017717,-0.73532,0.75266,-0.09816,-1.5861399999999999
1.6792897667837332,-0.72762,0.75626,-0.11062,-1.5945
1.6855792415656947,-0.7248,0.76162,-0.11436,-1.6007799999999999
1.6918687163476562,-0.72128,0.77558,-0.11754,-1.6144
1.6981581911296177,-0.7202,0.78354,-0.12134,-1.62508
1.7044476659115793,-0.71598,0.79406,-0.12832,-1.63836
1.7107371406935408,-0.70894,0.79574,-0.13854,-1.64322
1.7170266154755025,-0.70696,0.80382,-0.14728,-1.6580599999999999
1.723316090257464,-0.70054,0.81452,-0.15596,-1.67102
1.7296055650394255,-0.69646,0.82184,-0.1584,-1.6766999999999999
1.735895039821387,-0.68996,0.82546,-0.16314,-1.67856
1.7421845146033486,-0.68606,0.83212,-0.1714,-1.6895799999999999
1.74847398938531,-0.68534,0.83892,-0.17888,-1.7031399999999999
1.7547634641672718,-0.67826,0.84528,-0.1832,-1.70674
1.7610529389492333,-0.67016,0.85518,-0.19304,-1.71838
1.7673424137311948,-0.66732,0.85894,-0.19054,-1.7168
1.7736318885131563,-0.66292,0.86484,-0.20558,-1.73334
1.7799213632951179,-0.66064,0.8728,-0.21412,-1.74756
1.7862108380770794,-0.65984,0.88066,-0.21256,-1.75306
1.792500312859041,-0.64714,0.88266,-0.21754,-1.7473400000000001
1.7987897876410026,-0.64114,0.89068,-0.22602,-1.75784
1.8050792624229641,-0.63852,0.89876,-0.23098,-1.76826
1.8113687372049256,-0.6339,0.90302,-0.2399,-1.77682
1.8176582119868872,-0.63156,0.90606,-0.24662,-1.78424
1.8239476867688487,-0.62316,0.91474,-0.25444,-1.79234
1.8302371615508102,-0.6213,0.91852,-0.25204,-1.79186
1.836526636332772,-0.61456,0.9237,-0.25766,-1.79592
1.8428161111147334,-0.60418,0.92798,-0.26566,-1.7978200000000002
1.849105585896695,-0.59956,0.93242,-0.27168,-1.80366
1.8553950606786564,-0.59728,0.93668,-0.27636,-1.81032
1.861684535460618,-0.59692,0.9405,-0.28574,-1.8231600000000001
1.8679740102425795,-0.58564,0.94458,-0.29232,-1.82254
1.8742634850245412,-0.58722,0.94682,-0.29884,-1.8328799999999998
1.8805529598065027,-0.57656,0.95302,-0.30492,-1.8345
1.8868424345884642,-0.57158,0.9556,-0.31094,-1.83812
1.8931319093704257,-0.56662,0.9593,-0.31464,-1.84056
1.8994213841523873,-0.56368,0.96278,-0.32522,-1.85168
1.9057108589343488,-0.55494,0.96674,-0.32928,-1.8509600000000002
1.9120003337163105,-0.55332,0.97048,-0.3362,-1.86
1.918289808498272,-0.55074,0.97276,-0.3349,-1.8584
1.9245792832802335,-0.53896,0.97612,-0.34998,-1.8650600000000002
1.930868758062195,-0.54376,0.97816,-0.34724,-1.86916
1.9371582328441566,-0.53382,0.9811,-0.35936,-1.87428
1.943447707626118,-0.52972,0.98332,-0.36474,-1.87778
1.9497371824080796,-0.52156,0.98532,-0.36856,-1.87544
1.9560266571900413,-0.51476,0.98784,-0.37672,-1.87932
1.9623161319720028,-0.50724,0.98962,-0.38012,-1.87698
1.9686056067539643,-0.5045,0.9909,-0.38536,-1.88076
1.9748950815359259,-0.50096,0.99272,-0.3931,-1.88678
1.9811845563178874,-0.49416,0.99404,-0.40122,-1.88942
1.9874740310998489,-0.4883,0.99544,-0.40118,-1.8849200000000002
1.9937635058818106,-0.48464,0.99622,-0.41004,-1.8909
2.000052980663772,-0.47822,0.9976,-0.41608,-1.8919000000000001
2.0063424554457336,-0.47314,0.99836,-0.41988,-1.8913799999999998
2.012631930227695,-0.4686,0.99878,-0.42834,-1.89572
2.0189214050096567,-0.45748,0.9994,-0.43396,-1.8908399999999999
2.025210879791618,-0.4557,0.99982,-0.43884,-1.89436
2.0315003545735797,-0.4506,0.99994,-0.44758,-1.89812
2.037789829355541,-0.4438,0.99996,-0.44642,-1.89018
2.0440793041375027,-0.43946,0.99984,-0.45588,-1.8951799999999999
2.0503687789194642,-0.4364,0.99958,-0.4683,-1.90428
2.056658253701426,-0.42724,0.99902,-0.46764,-1.8939
2.0629477284833877,-0.42428,0.99858,-0.47368,-1.89654
2.069237203265349,-0.41286,0.99766,-0.47346,-1.88398
2.0755266780473107,-0.40854,0.99706,-0.48408,-1.8896799999999998
2.0818161528292722,-0.40978,0.9953,-0.48728,-1.89236
2.0881056276112337,-0.40334,0.99382,-0.49986,-1.89702
2.0943951023931953,-0.39056,0.99314,-0.497,-1.8807
2.1006845771751568,-0.3876,0.99146,-0.50622,-1.88528
2.1069740519571183,-0.3828,0.98914,-0.51398,-1.88592
2.11326352673908,-0.37372,0.9874,-0.51732,-1.87844
2.1195530015210413,-0.36352,0.98522,-0.52448,-1.8732199999999999
2.125842476303003,-0.3609,0.98322,-0.52532,-1.86944
2.1321319510849643,-0.35756,0.98158,-0.53556,-1.8747
2.1384214258669263,-0.35466,0.9781,-0.53844,-1.8712
2.144710900648888,-0.3458,0.97562,-0.54522,-1.86664
2.1510003754308493,-0.34056,0.973,-0.55206,-1.8656199999999998
2.157289850212811,-0.33316,0.97008,-0.55226,-1.8555000000000001
2.1635793249947723,-0.32968,0.96816,-0.55388,-1.85172
2.169868799776734,-0.32056,0.96326,-0.56008,-1.8439
2.1761582745586954,-0.31786,0.96056,-0.5715,-1.84992
2.182447749340657,-0.30664,0.95342,-0.57154,-1.8316000000000001
2.1887372241226184,-0.29968,0.95264,-0.58066,-1.83298
2.19502669890458,-0.29634,0.9497,-0.5841,-1.8301399999999999
2.2013161736865414,-0.29036,0.9433,-0.5909,-1.82456
2.207605648468503,-0.2883,0.94052,-0.59446,-1.82328
2.213895123250465,-0.28174,0.93564,-0.59794,-1.81532
2.2201845980324264,-0.28046,0.93042,-0.60948,-1.82036
2.226474072814388,-0.2647,0.92532,-0.6031,-1.79312
2.2327635475963494,-0.26682,0.92298,-0.61596,-1.8057599999999998
2.239053022378311,-0.24802,0.91846,-0.61412,-1.7806000000000002
2.2453424971602725,-0.25014,0.91178,-0.62246,-1.78438
2.251631971942234,-0.24624,0.9075,-0.62796,-1.7816999999999998
2.2579214467241955,-0.24542,0.90224,-0.6339,-1.78156
2.264210921506157,-0.23752,0.8947,-0.63594,-1.76816
2.2705003962881185,-0.22574,0.8889,-0.6446,-1.75924
2.27678987107008,-0.21644,0.88354,-0.6487,-1.74868
2.2830793458520415,-0.21154,0.88206,-0.65078,-1.74438
2.289368820634003,-0.2108,0.87174,-0.6566,-1.73914
2.295658295415965,-0.19596,0.86636,-0.66328,-1.7256
2.3019477701979265,-0.19326,0.85982,-0.66538,-1.7184599999999999
2.308237244979888,-0.19368,0.85184,-0.6728,-1.7183199999999998
2.3145267197618495,-0.1818,0.85026,-0.67856,-1.71062
2.320816194543811,-0.17744,0.84078,-0.68558,-1.7037999999999998
2.3271056693257726,-0.1689,0.83108,-0.68784,-1.68782
2.333395144107734,-0.16816,0.82554,-0.69306,-1.68676
2.3396846188896956,-0.15956,0.8183,-0.69692,-1.6747800000000002
2.345974093671657,-0.15126,0.81354,-0.6993,-1.6641
2.3522635684536186,-0.14214,0.80424,-0.70274,-1.64912
2.35855304323558,-0.13742,0.79894,-0.70802,-1.64438
2.3648425180175416,-0.13632,0.79018,-0.71294,-1.63944
2.371131992799503,-0.1273,0.78048,-0.71412,-1.6219
2.377421467581465,-0.11852,0.77348,-0.72302,-1.61502
2.3837109423634266,-0.11628,0.76422,-0.72632,-1.60682
2.390000417145388,-0.11194,0.75716,-0.72934,-1.59844
2.3962898919273496,-0.10224,0.75042,-0.73738,-1.5900400000000001
2.402579366709311,-0.09968,0.73858,-0.74022,-1.5784799999999999
2.4088688414912727,-0.08998,0.73038,-0.74148,-1.5618400000000001
2.415158316273234,-0.08694,0.72582,-0.74742,-1.56018
2.4214477910551957,-0.07136,0.7127,-0.74836,-1.5324200000000001
2.427737265837157,-0.07324,0.70934,-0.75684,-1.5394199999999998
2.4340267406191187,-0.07076,0.69636,-0.76108,-1.5282
2.4403162154010802,-0.05712,0.68952,-0.76108,-1.50772
2.4466056901830417,-0.04834,0.67836,-0.76764,-1.49434
2.4528951649650033,-0.04586,0.66408,-0.77062,-1.48056
2.459184639746965,-0.03324,0.65366,-0.77462,-1.4615200000000002
2.4654741145289267,-0.0336,0.65314,-0.77792,-1.4646599999999999
2.4717635893108882,-0.02362,0.64486,-0.78444,-1.45292
2.4780530640928498,-0.02574,0.63512,-0.78718,-1.44804
2.4843425388748113,-0.01074,0.61774,-0.79358,-1.4220599999999999
2.490632013656773,-0.00382,0.61134,-0.79702,-1.41218
2.4969214884387343,0.00098,0.60292,-0.79946,-1.4014
2.503210963220696,0.0023,0.59032,-0.8041,-1.39212
2.5095004380026573,0.00588,0.57952,-0.80494,-1.37858
2.515789912784619,0.01914,0.57272,-0.80722,-1.3608
2.5220793875665803,0.0252,0.55548,-0.81244,-1.34272
2.528368862348542,0.03534,0.5529,-0.81598,-1.33354
2.5346583371305034,0.03092,0.5463,-0.82324,-1.3386200000000001
2.5409478119124653,0.04374,0.52354,-0.82384,-1.3036400000000001
2.547237286694427,0.04768,0.5211,-0.83082,-1.30424
2.5535267614763884,0.05592,0.50724,-0.83086,-1.28218
2.55981623625835,0.06048,0.50028,-0.83474,-1.27454
2.5661057110403114,0.06816,0.48432,-0.83878,-1.25494
2.572395185822273,0.07494,0.47278,-0.84254,-1.24038
2.5786846606042344,0.08126,0.4659,-0.8461,-1.23074
2.584974135386196,0.08748,0.45348,-0.84942,-1.21542
2.5912636101681574,0.08888,0.43624,-0.8519,-1.19926
2.597553084950119,0.09908,0.43272,-0.855,-1.18864
2.6038425597320805,0.1062,0.41066,-0.85476,-1.15922
2.610132034514042,0.11294,0.40656,-0.86334,-1.15696
2.6164215092960035,0.11898,0.40288,-0.86612,-1.15002
2.6227109840779654,0.1262,0.3826,-0.8682,-1.1246
2.629000458859927,0.13228,0.3736,-0.86998,-1.1113
2.6352899336418885,0.1343,0.3559,-0.87284,-1.09444
2.64157940842385,0.14072,0.3553,-0.87686,-1.09144
2.6478688832058115,0.1544,0.33704,-0.8801,-1.06274
2.654158357987773,0.15744,0.32456,-0.88542,-1.05254
2.6604478327697345,0.1596,0.32076,-0.88874,-1.0499
2.666737307551696,0.16056,0.3002,-0.8885,-1.02814
2.6730267823336575,0.17306,0.28732,-0.88736,-1.00162
2.679316257115619,0.18216,0.2736,-0.89456,-0.986
2.6856057318975806,0.18994,0.26678,-0.89974,-0.97658
2.691895206679542,0.19018,0.2549,-0.90048,-0.9652
2.698184681461504,0.19604,0.23626,-0.90412,-0.9443400000000001
2.7044741562434655,0.20454,0.22552,-0.90532,-0.9262999999999999
2.710763631025427,0.21306,0.2154,-0.90866,-0.911
2.7170531058073886,0.21416,0.20768,-0.91278,-0.9063
2.72334258058935,0.22206,0.19742,-0.9141,-0.88946
2.7296320553713116,0.22936,0.17538,-0.91586,-0.86188
2.735921530153273,0.23658,0.16912,-0.9196,-0.8521399999999999
2.7422110049352346,0.23702,0.15332,-0.92084,-0.83714
2.748500479717196,0.25286,0.1441,-0.9231,-0.8143400000000001
2.7547899544991576,0.25428,0.12798,-0.92548,-0.79918
2.761079429281119,0.25858,0.1158,-0.92944,-0.78666
2.7673689040630807,0.2635,0.10936,-0.93112,-0.7769799999999999
2.773658378845042,0.2746,0.09346,-0.93272,-0.75158
2.779947853627004,0.27606,0.08348,-0.93608,-0.7435
2.7862373284089657,0.28374,0.07142,-0.93814,-0.72582
2.792526803190927,0.29006,0.05726,-0.94104,-0.70824
2.7988162779728887,0.29756,0.04134,-0.94074,-0.6845200000000001
2.80510575275485,0.30142,0.02544,-0.943,-0.66702
2.8113952275368117,0.30606,0.01478,-0.94602,-0.65474
2.817684702318773,0.31264,0.00522,-0.9496,-0.64218
2.8239741771007347,0.32522,-0.0037,-0.95048,-0.6215599999999999
2.8302636518826962,0.3323,-0.0123,-0.95134,-0.6067400000000001
2.8365531266646578,0.32836,-0.03464,-0.95314,-0.59014
2.8428426014466193,0.3354,-0.04688,-0.95722,-0.57494
2.849132076228581,0.34948,-0.06074,-0.9586,-0.54838
2.8554215510105423,0.34994,-0.0673,-0.95958,-0.5423399999999999
2.8617110257925042,0.35366,-0.07332,-0.9606,-0.53362
2.8680005005744658,0.36394,-0.10066,-0.96248,-0.4978800000000001
2.8742899753564273,0.37088,-0.10896,-0.96412,-0.48428
2.880579450138389,0.37856,-0.12398,-0.9669,-0.46436
2.8868689249203503,0.3838,-0.13004,-0.96826,-0.45442
2.893158399702312,0.3818,-0.14488,-0.9693,-0.4426200000000001
2.8994478744842733,0.39026,-0.15844,-0.97044,-0.4217399999999999
2.905737349266235,0.3952,-0.16902,-0.97236,-0.40814
2.9120268240481963,0.4063,-0.1856,-0.97268,-0.38078
2.918316298830158,0.40664,-0.19382,-0.97712,-0.37666
2.9246057736121194,0.41644,-0.20564,-0.97674,-0.35466000000000003
2.930895248394081,0.42114,-0.22154,-0.97826,-0.3355800000000001
2.9371847231760424,0.42892,-0.23252,-0.9795,-0.31806000000000006
2.9434741979580044,0.43352,-0.24526,-0.98108,-0.3022999999999999
2.949763672739966,0.43426,-0.24762,-0.98226,-0.30038000000000004
2.9560531475219274,0.44054,-0.27106,-0.98272,-0.2711200000000001
2.962342622303889,0.44526,-0.27904,-0.98318,-0.25888000000000005
2.9686320970858504,0.451,-0.29182,-0.98526,-0.24243999999999993
2.974921571867812,0.45702,-0.30444,-0.98668,-0.22522000000000003
2.9812110466497734,0.46422,-0.31922,-0.98728,-0.20384000000000008
2.987500521431735,0.467,-0.32416,-0.98784,-0.19667999999999997
2.9937899962136965,0.47308,-0.33502,-0.98944,-0.18133999999999995
3.000079470995658,0.48034,-0.35268,-0.9903,-0.15727999999999998
3.0063689457776195,0.48756,-0.3678,-0.99138,-0.13602000000000003
3.012658420559581,0.49524,-0.38362,-0.9924,-0.11353999999999992
3.018947895341543,0.49264,-0.38656,-0.99252,-0.11331999999999992
3.0252373701235045,0.50422,-0.40018,-0.99282,-0.08842000000000005
3.031526844905466,0.50808,-0.4119,-0.99422,-0.07424000000000003
3.0378163196874275,0.5112,-0.42328,-0.9946,-0.06012000000000006
3.044105794469389,0.5205,-0.4378,-0.99514,-0.03684000000000004
3.0503952692513505,0.51972,-0.44474,-0.99594,-0.031480000000000063
3.056684744033312,0.5334,-0.45306,-0.99612,-0.009660000000000002
3.0629742188152735,0.53406,-0.46472,-0.99686,0.0019200000000000328
3.069263693597235,0.53806,-0.47692,-0.99754,0.01744000000000001
3.0755531683791966,0.54678,-0.49126,-0.9978,0.04024
3.081842643161158,0.54818,-0.50164,-0.99806,0.05176000000000003
3.0881321179431196,0.55286,-0.51156,-0.99866,0.06576000000000004
3.094421592725081,0.55972,-0.5182,-0.99882,0.07909999999999995
3.100711067507043,0.5652,-0.53224,-0.99904,0.09840000000000004
3.1070005422890046,0.57014,-0.54034,-0.99938,0.11109999999999998
3.113290017070966,0.57816,-0.54982,-0.99952,0.12846000000000002
3.1195794918529276,0.58404,-0.56346,-0.99976,0.14773999999999998
3.125868966634889,0.58562,-0.5754,-0.99988,0.16114000000000006
3.1321584414168506,0.5977,-0.58238,-0.99994,0.18013999999999997
3.138447916198812,0.59892,-0.59484,-1.0,0.19376000000000004
3.1447373909807737,0.5985,-0.60706,-1.0,0.20556000000000008
3.151026865762735,0.60884,-0.61384,-0.99996,0.22272000000000014
3.1573163405446967,0.61104,-0.625,-0.9999,0.23614000000000002
3.163605815326658,0.61738,-0.63862,-0.99978,0.25622
3.1698952901086197,0.6213,-0.64478,-0.99962,0.26646000000000003
3.176184764890581,0.6298,-0.65372,-0.99946,0.28406
3.182474239672543,0.63286,-0.66266,-0.99928,0.29624000000000006
3.1887637144545047,0.63682,-0.67428,-0.99882,0.31228
3.195053189236466,0.64036,-0.68412,-0.99874,0.32574000000000003
3.2013426640184277,0.64748,-0.69416,-0.9982,0.3434400000000001
3.207632138800389,0.64996,-0.69978,-0.9979,0.35183999999999993
3.2139216135823507,0.65634,-0.70998,-0.99742,0.3689000000000001
3.2202110883643122,0.66564,-0.72032,-0.99672,0.3892399999999999
3.2265005631462738,0.66676,-0.72594,-0.99672,0.39598
3.2327900379282353,0.67036,-0.7366,-0.99564,0.41132
3.239079512710197,0.66986,-0.74154,-0.99518,0.41622000000000003
3.2453689874921583,0.67834,-0.75132,-0.99444,0.43522000000000005
3.25165846227412,0.68112,-0.7598,-0.99396,0.44696
3.2579479370560813,0.69198,-0.76786,-0.99352,0.46632000000000007
3.2642374118380433,0.68966,-0.77912,-0.99294,0.47584000000000004
3.270526886620005,0.69824,-0.78486,-0.99148,0.49161999999999995
3.2768163614019663,0.70286,-0.79168,-0.99054,0.5040000000000001
3.283105836183928,0.70472,-0.79862,-0.98964,0.5137
3.2893953109658893,0.71134,-0.8062,-0.98834,0.5292
3.295684785747851,0.71552,-0.81516,-0.9881,0.5425800000000001
3.3019742605298124,0.7241,-0.82112,-0.98718,0.55804
3.308263735311774,0.72524,-0.83072,-0.98622,0.56974
3.3145532100937354,0.7307,-0.83908,-0.9852,0.5845800000000001
3.320842684875697,0.73466,-0.83934,-0.98338,0.5906199999999999
3.3271321596576584,0.73918,-0.84664,-0.982,0.6038199999999999
3.33342163443962,0.7401,-0.85208,-0.9815,0.6106799999999999
3.3397111092215814,0.74674,-0.8639,-0.9801,0.63054
3.3460005840035434,0.7497,-0.86968,-0.97936,0.64002
3.352290058785505,0.75438,-0.87552,-0.97844,0.65146
3.3585795335674664,0.75422,-0.88396,-0.97498,0.6632
3.364869008349428,0.76358,-0.88566,-0.9751,0.6741400000000001
3.3711584831313894,0.76842,-0.89062,-0.97432,0.68472
3.377447957913351,0.76846,-0.89838,-0.97218,0.6946599999999999
3.3837374326953125,0.7775,-0.90252,-0.97064,0.70938
3.390026907477274,0.78152,-0.90756,-0.96862,0.72046
3.3963163822592355,0.7855,-0.91306,-0.96696,0.7315999999999999
3.402605857041197,0.78668,-0.91898,-0.96604,0.73962
3.4088953318231585,0.79154,-0.92518,-0.9652,0.7515200000000001
3.41518480660512,0.7941,-0.92822,-0.96344,0.7588800000000001
3.4214742813870815,0.7961,-0.93422,-0.96064,0.76968
3.4277637561690435,0.8002,-0.93898,-0.95772,0.78146
3.434053230951005,0.80246,-0.94238,-0.95772,0.7871199999999999
3.4403427057329665,0.81126,-0.94504,-0.95642,0.7998799999999999
3.446632180514928,0.8141,-0.95056,-0.95528,0.80938
3.4529216552968895,0.81506,-0.95456,-0.95258,0.81704
3.459211130078851,0.82218,-0.9566,-0.9496,0.82918
3.4655006048608126,0.82246,-0.96184,-0.94954,0.83476
3.471790079642774,0.82952,-0.9633,-0.94676,0.84606
3.4780795544247356,0.83264,-0.9677,-0.94408,0.85626
3.484369029206697,0.83508,-0.97102,-0.9422,0.8639
3.4906585039886586,0.83472,-0.9737,-0.93918,0.86924
3.49694797877062,0.83924,-0.9758,-0.93702,0.87802
3.503237453552582,0.84494,-0.97962,-0.93586,0.8887
3.5095269283345436,0.85042,-0.98038,-0.934,0.8967999999999999
3.515816403116505,0.85132,-0.98374,-0.93164,0.9034199999999999
3.5221058778984666,0.85576,-0.98496,-0.9272,0.9135199999999999
3.528395352680428,0.8589,-0.98728,-0.92412,0.92206
3.5346848274623897,0.85802,-0.98992,-0.92368,0.9242600000000001
3.540974302244351,0.86592,-0.99144,-0.92254,0.93482
3.5472637770263127,0.86632,-0.9934,-0.9183,0.9414199999999999
3.553553251808274,0.8697,-0.99474,-0.9158,0.94864
3.5598427265902357,0.87418,-0.99578,-0.912,0.9579599999999999
3.566132201372197,0.87848,-0.99746,-0.91336,0.9625800000000001
3.5724216761541587,0.88174,-0.99778,-0.9072,0.97232
3.5787111509361202,0.8823,-0.99882,-0.90462,0.9765
3.585000625718082,0.88452,-0.99926,-0.90442,0.97936
3.5912901005000437,0.88874,-0.99948,-0.89966,0.98856
3.5975795752820052,0.89364,-0.99986,-0.8979,0.9955999999999999
3.6038690500639667,0.89348,-1.0,-0.89358,0.9999
3.6101585248459283,0.8964,-1.0,-0.88932,1.00708
3.6164479996278898,0.89878,-0.9997,-0.89062,1.00786
3.6227374744098513,0.90286,-0.9994,-0.88652,1.01574
3.629026949191813,0.90468,-0.99876,-0.88442,1.01902
3.6353164239737743,0.90612,-0.99814,-0.8829,1.02136
3.641605898755736,0.91138,-0.99746,-0.8784,1.03044
3.6478953735376973,0.9136,-0.99652,-0.87596,1.03416
3.654184848319659,0.91532,-0.99496,-0.86962,1.04066
3.6604743231016204,0.91524,-0.99406,-0.87044,1.0388600000000001
3.6667637978835823,0.9217,-0.99212,-0.86656,1.04726
3.673053272665544,0.92238,-0.9906,-0.85966,1.05332
3.6793427474475053,0.92768,-0.9896,-0.85556,1.06172
3.685632222229467,0.92556,-0.987,-0.85478,1.0577800000000002
3.6919216970114284,0.92888,-0.98524,-0.8533,1.06082
3.69821117179339,0.93316,-0.98234,-0.85008,1.06542
3.7045006465753514,0.93286,-0.97898,-0.84398,1.06786
3.710790121357313,0.93604,-0.97742,-0.84162,1.07184
3.7170795961392744,0.93942,-0.97442,-0.83694,1.0769
3.723369070921236,0.94002,-0.97206,-0.83544,1.07664
3.7296585457031974,0.94224,-0.96846,-0.83104,1.07966
3.735948020485159,0.94446,-0.96594,-0.82738,1.0830199999999999
3.7422374952671205,0.94564,-0.96284,-0.8251,1.08338
3.7485269700490824,0.94734,-0.95774,-0.82122,1.08386
3.754816444831044,0.9515,-0.95466,-0.8172,1.08896
3.7611059196130054,0.95284,-0.95294,-0.81104,1.09474
3.767395394394967,0.95494,-0.94654,-0.80962,1.09186
3.7736848691769285,0.95734,-0.94548,-0.80622,1.0966
3.77997434395889,0.95932,-0.93874,-0.80164,1.09642
3.7862638187408515,0.96158,-0.93534,-0.797,1.09992
3.792553293522813,0.96134,-0.9303,-0.79554,1.0960999999999999
3.7988427683047745,0.96312,-0.92604,-0.79044,1.09872
3.805132243086736,0.96466,-0.9217,-0.78632,1.10004
3.8114217178686975,0.96594,-0.91534,-0.78466,1.0966200000000002
3.817711192650659,0.96716,-0.9092,-0.7815,1.0948600000000002
3.824000667432621,0.97042,-0.90362,-0.77442,1.0996199999999998
3.8302901422145825,0.97126,-0.89804,-0.77886,1.09044
3.836579616996544,0.97386,-0.89554,-0.76782,1.10158
3.8428690917785056,0.97394,-0.89022,-0.7644,1.09976
3.849158566560467,0.97638,-0.88446,-0.76118,1.09966
3.8554480413424286,0.9765,-0.87548,-0.75316,1.09882
3.86173751612439,0.97936,-0.87072,-0.75112,1.09896
3.8680269909063516,0.97964,-0.86366,-0.74688,1.09642
3.874316465688313,0.98072,-0.85974,-0.74062,1.09984
3.8806059404702746,0.983,-0.85172,-0.73788,1.09684
3.886895415252236,0.98328,-0.84456,-0.73482,1.09302
3.8931848900341977,0.98344,-0.84216,-0.7298,1.0958
3.899474364816159,0.98556,-0.83168,-0.72518,1.09206
3.905763839598121,0.9867,-0.82536,-0.72348,1.0885799999999999
3.9120533143800826,0.9875,-0.8145,-0.71578,1.08622
3.918342789162044,0.98848,-0.8109,-0.7084,1.09098
3.9246322639440057,0.99054,-0.80258,-0.7076,1.0855199999999998
3.930921738725967,0.99038,-0.79266,-0.70282,1.0802200000000002
3.9372112135079287,0.99092,-0.78456,-0.69852,1.0769600000000001
3.94350068828989,0.99216,-0.77838,-0.69194,1.0786
3.9497901630718517,0.99262,-0.76886,-0.69026,1.0712199999999998
3.9560796378538132,0.99382,-0.76674,-0.68472,1.07584
3.9623691126357747,0.99382,-0.7545,-0.68182,1.0665
3.9686585874177362,0.99526,-0.74758,-0.67778,1.06506
3.9749480621996978,0.99512,-0.7371,-0.67394,1.0582799999999999
3.9812375369816593,0.99608,-0.72804,-0.66904,1.05508
3.9875270117636212,0.99662,-0.7174,-0.65776,1.05626
3.9938164865455827,0.99702,-0.71392,-0.66098,1.04996
4.000105961327544,0.99772,-0.70748,-0.65118,1.05402
4.006395436109505,0.9982,-0.6957,-0.648,1.0459
4.012684910891467,0.99874,-0.68388,-0.64532,1.0373
4.018974385673428,0.99884,-0.67826,-0.63768,1.0394199999999998
4.02526386045539,0.99904,-0.66438,-0.637,1.0264199999999999
4.031553335237352,0.99898,-0.65402,-0.63122,1.0217800000000001
4.037842810019313,0.99974,-0.65062,-0.62186,1.0285
4.044132284801275,0.99962,-0.63996,-0.62116,1.0184199999999999
4.050421759583236,0.99988,-0.63284,-0.61404,1.0186799999999998
4.056711234365198,0.99994,-0.61926,-0.6117,1.0075
4.063000709147159,1.0,-0.60888,-0.60306,1.00582
4.069290183929121,1.0,-0.60172,-0.60206,0.99966
4.075579658711082,0.99996,-0.58854,-0.59668,0.9918199999999999
4.081869133493044,0.99988,-0.58192,-0.5926,0.9892
4.088158608275005,0.99988,-0.57124,-0.58076,0.9903599999999999
4.094448083056967,0.9995,-0.5581,-0.57916,0.9784400000000001
4.1007375578389285,0.99936,-0.54806,-0.57416,0.97326
4.10702703262089,0.99936,-0.5367,-0.57096,0.9651
4.113316507402852,0.99918,-0.52574,-0.5629,0.96202
4.119605982184813,0.99886,-0.5177,-0.5592,0.95736
4.125895456966775,0.99856,-0.50348,-0.55492,0.9471200000000001
4.1321849317487365,0.99832,-0.49584,-0.5431,0.95106
4.138474406530698,0.99786,-0.4868,-0.54242,0.94224
4.1447638813126595,0.9974,-0.46914,-0.54112,0.9254199999999999
4.1510533560946214,0.99678,-0.46342,-0.53316,0.9270400000000001
4.1573428308765825,0.99612,-0.44808,-0.52222,0.92198
4.1636323056585445,0.99532,-0.4347,-0.52302,0.9069999999999999
4.1699217804405055,0.9952,-0.42982,-0.50886,0.91616
4.1762112552224675,0.99434,-0.41282,-0.5115,0.8956600000000001
4.182500730004429,0.99338,-0.40616,-0.5101,0.88944
4.1887902047863905,0.99244,-0.40006,-0.50212,0.89038
4.1950796795683525,0.99172,-0.38092,-0.49554,0.8771
4.2013691543503136,0.99162,-0.37206,-0.49022,0.8734599999999999
4.2076586291322755,0.99048,-0.3552,-0.4864,0.85928
4.213948103914237,0.98874,-0.34604,-0.48216,0.85262
4.2202375786961985,0.98828,-0.33084,-0.47156,0.8475600000000001
4.22652705347816,0.98758,-0.32086,-0.46762,0.8408199999999999
4.232816528260122,0.98656,-0.30884,-0.46114,0.83426
4.239106003042083,0.98542,-0.2986,-0.45776,0.82626
4.245395477824045,0.98388,-0.2832,-0.45182,0.81526
4.251684952606006,0.98378,-0.2705,-0.44524,0.80904
4.257974427387968,0.98166,-0.2634,-0.44234,0.8027200000000001
4.264263902169929,0.98206,-0.2528,-0.43684,0.7980200000000001
4.270553376951891,0.98012,-0.24152,-0.4272,0.79444
4.276842851733853,0.97836,-0.22368,-0.42494,0.7771
4.283132326515814,0.97534,-0.21356,-0.41178,0.77712
4.289421801297776,0.97714,-0.20148,-0.40454,0.77408
4.295711276079737,0.975,-0.1929,-0.40838,0.7595199999999999
4.302000750861699,0.97196,-0.17618,-0.40514,0.7430000000000001
4.30829022564366,0.97114,-0.16366,-0.38842,0.74638
4.314579700425622,0.969,-0.14612,-0.3844,0.73072
4.320869175207583,0.9687,-0.13784,-0.38228,0.7242599999999999
4.327158649989545,0.96584,-0.12502,-0.37626,0.7146
4.333448124771506,0.96648,-0.11182,-0.3679,0.7104
4.339737599553468,0.96282,-0.10264,-0.36766,0.6978
4.346027074335429,0.96156,-0.08904,-0.35626,0.69434
4.352316549117391,0.96032,-0.07734,-0.35584,0.6818199999999999
4.358606023899353,0.95882,-0.06602,-0.3482,0.6766399999999999
4.364895498681314,0.95676,-0.04732,-0.33532,0.66876
4.371184973463276,0.954,-0.03754,-0.33678,0.6547599999999999
4.377474448245237,0.95206,-0.02064,-0.32656,0.6461399999999999
4.383763923027199,0.95134,-0.01294,-0.32156,0.64272
4.39005339780916,0.94858,-0.0013,-0.31664,0.6332399999999999
4.396342872591122,0.9466,0.01344,-0.31386,0.6193000000000001
4.402632347373083,0.94618,0.01948,-0.30964,0.6170599999999999
4.408921822155045,0.94264,0.0361,-0.29948,0.6070599999999999
4.415211296937006,0.93908,0.05566,-0.29036,0.5930599999999999
4.421500771718968,0.9388,0.05432,-0.28278,0.6017
4.42779024650093,0.9372,0.07112,-0.27486,0.5912200000000001
4.434079721282891,0.93252,0.08744,-0.27532,0.56976
4.440369196064853,0.9302,0.09344,-0.27198,0.5647800000000001
4.446658670846814,0.93224,0.11828,-0.26116,0.5528
4.452948145628776,0.92946,0.12152,-0.26208,0.54586
4.459237620410737,0.92446,0.13294,-0.24922,0.5423
4.465527095192699,0.92208,0.1452,-0.24402,0.53286
4.47181656997466,0.91866,0.16046,-0.2402,0.518
4.478106044756622,0.9177,0.17382,-0.23154,0.51234
4.484395519538583,0.9163,0.18832,-0.23082,0.49716
4.490684994320545,0.91144,0.20222,-0.22094,0.48828
4.496974469102506,0.91106,0.2112,-0.21238,0.48747999999999997
4.503263943884468,0.90604,0.22816,-0.20884,0.4690399999999999
4.50955341866643,0.90444,0.22864,-0.20014,0.47566
4.515842893448391,0.90038,0.24946,-0.19562,0.4552999999999999
4.522132368230353,0.89934,0.26024,-0.19168,0.44742000000000004
4.528421843012314,0.8967,0.2765,-0.18536,0.43484000000000006
4.534711317794276,0.89344,0.28248,-0.17874,0.43222
4.541000792576237,0.88942,0.29272,-0.17036,0.42634000000000005
4.547290267358199,0.88746,0.3101,-0.16378,0.41358
4.55357974214016,0.88472,0.3217,-0.15934,0.40367999999999993
4.559869216922122,0.8802,0.33336,-0.15782,0.38902000000000003
4.566158691704083,0.87806,0.3464,-0.14072,0.3909399999999999
4.572448166486045,0.87616,0.35252,-0.1375,0.3861400000000001
4.578737641268006,0.87342,0.36606,-0.13702,0.37033999999999995
4.585027116049968,0.86906,0.37748,-0.12214,0.36944000000000005
4.59131659083193,0.86484,0.39054,-0.11818,0.3561200000000001
4.597606065613891,0.86,0.39662,-0.1164,0.34698000000000007
4.603895540395853,0.86122,0.4122,-0.10936,0.33965999999999996
4.610185015177814,0.85724,0.42134,-0.1059,0.33
4.616474489959776,0.8569,0.43928,-0.09416,0.32345999999999997
4.622763964741737,0.85024,0.44664,-0.09076,0.31284000000000006
4.629053439523699,0.8471,0.45862,-0.08778,0.30069999999999997
4.63534291430566,0.8461,0.47164,-0.07922,0.29524
4.641632389087622,0.83812,0.47796,-0.06912,0.29104
4.647921863869583,0.83164,0.49258,-0.06004,0.27902000000000005
4.654211338651545,0.83346,0.50472,-0.0584,0.27034
4.660500813433506,0.82716,0.51306,-0.05546,0.2586400000000001
4.666790288215468,0.82644,0.51854,-0.0459,0.2619999999999999
4.67307976299743,0.82298,0.53398,-0.042,0.247
4.679369237779391,0.81922,0.54594,-0.02932,0.24395999999999995
4.685658712561353,0.81592,0.55964,-0.03152,0.22475999999999996
4.691948187343314,0.81398,0.56652,-0.02274,0.22472000000000003
4.698237662125276,0.80948,0.57102,-0.01378,0.22468
4.704527136907237,0.80524,0.58698,-0.01032,0.20794
4.710816611689199,0.7997,0.59812,-0.00322,0.19835999999999998
4.71710608647116,0.79848,0.6071,0.00232,0.19369999999999998
4.723395561253122,0.7957,0.61578,0.00712,0.18703999999999998
4.729685036035083,0.78928,0.6302,0.017,0.17608000000000001
4.735974510817045,0.78814,0.64022,0.02408,0.17199999999999993
4.742263985599006,0.77958,0.64792,0.02546,0.15712000000000004
4.748553460380968,0.77634,0.65666,0.03346,0.15314000000000005
4.75484293516293,0.77188,0.66152,0.04428,0.15464
4.761132409944891,0.7717,0.67408,0.04822,0.14584000000000008
4.767421884726853,0.76632,0.68526,0.05662,0.13768000000000002
4.773711359508814,0.75948,0.69002,0.06658,0.13604000000000005
4.780000834290776,0.75714,0.70202,0.06278,0.1179
4.786290309072737,0.75126,0.71074,0.07206,0.11258000000000001
4.792579783854699,0.74988,0.7202,0.07512,0.1048
4.79886925863666,0.74342,0.72382,0.08772,0.10731999999999997
4.805158733418622,0.73844,0.73788,0.09782,0.09838000000000002
4.811448208200583,0.7326,0.7441,0.09952,0.08801999999999999
4.817737682982545,0.73428,0.75552,0.10038,0.0791400000000001
4.824027157764506,0.72962,0.76378,0.1156,0.08144000000000007
4.830316632546468,0.72396,0.76844,0.11664,0.07216
4.83660610732843,0.7188,0.7763,0.12168,0.06418000000000001
4.842895582110391,0.71452,0.78582,0.13046,0.0591600000000001
4.849185056892353,0.71066,0.79842,0.13542,0.047659999999999925
4.855474531674314,0.70372,0.798,0.14014,0.04586000000000001
4.861764006456276,0.70348,0.81048,0.1496,0.04260000000000008
4.8680534812382374,0.6993,0.81528,0.15988,0.04390000000000005
4.874342956020199,0.6906,0.82512,0.16464,0.030120000000000036
4.8806324308021605,0.68884,0.82838,0.16074,0.021199999999999997
4.886921905584122,0.68102,0.83682,0.17718,0.021379999999999955
4.8932113803660835,0.6841,0.8441,0.17702,0.017020000000000146
4.8995008551480455,0.67256,0.85466,0.1897,0.007600000000000051
4.9057903299300065,0.66608,0.85792,0.1928,0.0009599999999999609
4.9120798047119685,0.66718,0.86526,0.19908,0.0010000000000000009
4.91836927949393,0.65892,0.8684,0.20034,-0.009140000000000037
4.9246587542758915,0.6522,0.87638,0.2133,-0.010880000000000112
4.9309482290578535,0.65122,0.88382,0.21294,-0.01966000000000001
4.9372377038398145,0.6481,0.8892,0.21814,-0.02295999999999998
4.9435271786217765,0.64054,0.89296,0.2321,-0.020320000000000005
4.9498166534037376,0.63616,0.90014,0.23812,-0.025860000000000105
4.9561061281856995,0.63324,0.90468,0.24288,-0.02856000000000003
4.962395602967661,0.62742,0.91012,0.24828,-0.03442000000000012
4.9686850777496225,0.62108,0.9141,0.25326,-0.03976000000000013
4.974974552531584,0.61776,0.92102,0.25842,-0.04483999999999999
4.981264027313546,0.61182,0.92442,0.2648,-0.047800000000000065
4.987553502095507,0.60548,0.9302,0.27016,-0.05456000000000005
4.993842976877469,0.60064,0.9348,0.2764,-0.057760000000000034
5.0001324516594305,0.59402,0.93762,0.28324,-0.06036000000000008
5.006421926441392,0.59074,0.94204,0.29102,-0.06027999999999989
5.012711401223354,0.58862,0.94804,0.29406,-0.06535999999999997
5.019000876005315,0.5817,0.95202,0.30294,-0.06738
5.025290350787277,0.5807,0.95458,0.30632,-0.06756000000000006
5.031579825569238,0.5711,0.95846,0.3159,-0.07145999999999997
5.0378693003512,0.56802,0.96248,0.32236,-0.07210000000000005
5.044158775133161,0.56296,0.96616,0.32164,-0.08155999999999997
5.050448249915123,0.55412,0.96794,0.33222,-0.08160000000000012
5.056737724697084,0.55042,0.97212,0.33962,-0.08208000000000004
5.063027199479046,0.5451,0.97462,0.33864,-0.09088000000000007
5.069316674261007,0.54278,0.97678,0.34872,-0.08528000000000002
5.075606149042969,0.5352,0.97892,0.35642,-0.08729999999999993
5.081895623824931,0.52976,0.98218,0.36234,-0.09008000000000005
5.088185098606892,0.52052,0.9841,0.36514,-0.09843999999999997
5.094474573388854,0.5166,0.98688,0.37336,-0.09692
5.100764048170815,0.51176,0.9882,0.37812,-0.09831999999999996
5.107053522952777,0.50952,0.99072,0.3781,-0.10310000000000008
5.113342997734738,0.49998,0.9922,0.39298,-0.09924
5.1196324725167,0.49708,0.9935,0.3974,-0.09902000000000011
5.125921947298661,0.49058,0.99542,0.40566,-0.09917999999999993
5.132211422080623,0.48458,0.99612,0.41082,-0.10072000000000003
5.138500896862584,0.48372,0.99738,0.41576,-0.09789999999999999
5.144790371644546,0.46774,0.99826,0.41728,-0.11324000000000012
5.151079846426507,0.4706,0.99878,0.43016,-0.09802
5.157369321208469,0.46734,0.99916,0.42864,-0.10318000000000005
5.163658795990431,0.45584,0.99968,0.4354,-0.10843999999999998
5.169948270772392,0.4561,0.99994,0.43782,-0.10602
5.176237745554354,0.44884,1.0,0.44248,-0.10868
5.182527220336315,0.446,0.99994,0.45734,-0.09660000000000002
5.188816695118277,0.43792,0.99952,0.4566,-0.10499999999999998
5.195106169900238,0.43194,0.99926,0.46204,-0.10528000000000004
5.2013956446822,0.42242,0.99896,0.46812,-0.10841999999999996
5.207685119464161,0.41352,0.9979,0.47642,-0.10796000000000006
5.213974594246123,0.41114,0.9972,0.48206,-0.10399999999999998
5.220264069028084,0.40846,0.99622,0.48212,-0.10564000000000007
5.226553543810046,0.40528,0.99486,0.48956,-0.10002
5.232843018592007,0.39366,0.99298,0.49406,-0.10525999999999991
5.239132493373969,0.3918,0.9922,0.49974,-0.10065999999999997
5.245421968155931,0.3863,0.98976,0.50602,-0.09743999999999997
5.251711442937892,0.37848,0.98936,0.51566,-0.09522000000000008
5.258000917719854,0.36932,0.98748,0.51986,-0.09830000000000005
5.264290392501815,0.36508,0.98414,0.5248,-0.09426000000000001
5.270579867283777,0.3594,0.982,0.52756,-0.09504000000000001
5.276869342065738,0.35958,0.98064,0.53444,-0.08661999999999992
5.2831588168477,0.35188,0.97626,0.53776,-0.08662000000000003
5.289448291629661,0.34244,0.97458,0.5462,-0.0859399999999999
5.295737766411623,0.339,0.97124,0.54892,-0.08331999999999995
5.302027241193584,0.33584,0.96986,0.55802,-0.07600000000000007
5.308316715975546,0.32374,0.966,0.56108,-0.08117999999999992
5.314606190757508,0.32008,0.96138,0.56938,-0.0719200000000001
5.320895665539469,0.30684,0.95828,0.57232,-0.07911999999999997
5.327185140321431,0.3076,0.95408,0.57494,-0.07154000000000005
5.333474615103392,0.29924,0.94996,0.57878,-0.07194
5.339764089885354,0.29048,0.94702,0.58964,-0.06689999999999996
5.346053564667315,0.28542,0.9441,0.59272,-0.06596000000000002
5.352343039449277,0.28332,0.93886,0.59542,-0.06012000000000006
5.358632514231238,0.28152,0.93388,0.60294,-0.04942000000000002
5.3649219890132,0.2744,0.9281,0.60528,-0.04842000000000002
5.371211463795161,0.27266,0.92278,0.61278,-0.03734000000000004
5.377500938577123,0.2571,0.9205,0.61608,-0.04732000000000003
5.383790413359084,0.24842,0.9135,0.625,-0.040080000000000005
5.390079888141046,0.24666,0.91148,0.62644,-0.03837999999999997
5.396369362923008,0.24626,0.9043,0.63202,-0.026019999999999932
5.402658837704969,0.23864,0.89854,0.6373,-0.022600000000000064
5.408948312486931,0.23372,0.89374,0.64552,-0.014499999999999957
5.415237787268892,0.22842,0.8877,0.64426,-0.015019999999999922
5.421527262050854,0.21808,0.88248,0.6456,-0.01880000000000004
5.427816736832815,0.21146,0.87418,0.65454,-0.008179999999999965
5.434106211614777,0.20758,0.87056,0.65804,-0.0049400000000000555
5.440395686396738,0.1951,0.86314,0.6629,-0.005139999999999922
5.4466851611787,0.18756,0.85582,0.6753,0.007039999999999935
5.452974635960661,0.1864,0.84598,0.67298,0.013400000000000079
5.459264110742623,0.17238,0.84784,0.68188,0.006419999999999981
5.465553585524584,0.17284,0.83714,0.68454,0.020240000000000036
5.471843060306546,0.17302,0.8311,0.6846,0.0265200000000001
5.478132535088508,0.16162,0.8251,0.6947,0.031220000000000026
5.484422009870469,0.15906,0.81554,0.70474,0.04825999999999997
5.490711484652431,0.14826,0.80652,0.69776,0.03949999999999998
5.497000959434392,0.14728,0.80108,0.70644,0.05263999999999991
5.503290434216354,0.13934,0.7926,0.71406,0.060800000000000076
5.509579908998315,0.13202,0.78328,0.71436,0.06310000000000004
5.515869383780277,0.12554,0.77774,0.72332,0.07111999999999996
5.522158858562238,0.11646,0.77218,0.72564,0.06991999999999998
5.5284483333442,0.11344,0.7585,0.72896,0.08390000000000009
5.534737808126161,0.1073,0.75058,0.73314,0.08986000000000005
5.541027282908123,0.09732,0.7443,0.73762,0.09064000000000005
5.547316757690084,0.08984,0.73622,0.73824,0.09186000000000005
5.553606232472046,0.08592,0.7245,0.7458,0.10721999999999998
5.559895707254008,0.07994,0.71986,0.74948,0.10955999999999999
5.566185182035969,0.06932,0.70864,0.75534,0.11602000000000001
5.572474656817931,0.06674,0.70124,0.75828,0.12378
5.578764131599892,0.05948,0.6884,0.76306,0.13413999999999993
5.585053606381854,0.057,0.68022,0.77026,0.14703999999999995
5.591343081163815,0.0508,0.67826,0.76796,0.14049999999999996
5.597632555945777,0.04668,0.66366,0.77542,0.15844000000000003
5.603922030727738,0.03626,0.65776,0.77598,0.15447999999999995
5.6102115055097,0.0289,0.64568,0.78498,0.16820000000000002
5.6165009802916614,0.02434,0.63722,0.78236,0.16948000000000008
5.622790455073623,0.01468,0.63038,0.79032,0.17462
5.6290799298555845,0.01086,0.61816,0.79452,0.18721999999999994
5.635369404637546,0.00722,0.60882,0.79816,0.19655999999999996
5.641658879419508,-0.00106,0.59986,0.8013,0.2003800000000001
5.6479483542014695,-0.00664,0.58636,0.80542,0.21242000000000005
5.654237828983431,-0.0161,0.5728,0.80924,0.22033999999999998
5.6605273037653925,-0.02114,0.56394,0.81038,0.22529999999999994
5.666816778547354,-0.02462,0.55634,0.81734,0.23638000000000003
5.6731062533293155,-0.033,0.54358,0.81914,0.24256
5.6793957281112775,-0.035,0.53134,0.8239,0.2575599999999999
5.6856852028932385,-0.04798,0.52422,0.82728,0.25508
5.6919746776752005,-0.05428,0.5145,0.8273,0.2585200000000001
5.698264152457162,-0.05794,0.50414,0.83236,0.27027999999999996
5.7045536272391235,-0.0662,0.49128,0.83568,0.27819999999999995
5.710843102021085,-0.07222,0.48282,0.84358,0.28854
5.7171325768030465,-0.07746,0.46868,0.84452,0.2983800000000001
5.7234220515850085,-0.08768,0.4572,0.8448,0.29992
5.72971152636697,-0.08876,0.44664,0.84938,0.3139800000000001
5.7360010011489315,-0.0957,0.43496,0.8514,0.32074
5.742290475930893,-0.10458,0.42816,0.85914,0.3264
5.7485799507128545,-0.10762,0.41366,0.85722,0.33594
5.754869425494816,-0.11286,0.40268,0.8642,0.34866
5.761158900276778,-0.12104,0.38904,0.86454,0.35445999999999994
5.767448375058739,-0.12724,0.37854,0.87056,0.36478
5.773737849840701,-0.13684,0.3652,0.87092,0.36888000000000004
5.780027324622662,-0.1396,0.35216,0.87518,0.3834199999999999
5.786316799404624,-0.15348,0.3431,0.88276,0.3861799999999999
5.792606274186585,-0.14856,0.33274,0.88056,0.39926
5.798895748968547,-0.15776,0.31798,0.88338,0.40764000000000006
5.805185223750509,-0.16944,0.3067,0.8875,0.41135999999999995
5.81147469853247,-0.17052,0.29216,0.89086,0.42818
5.817764173314432,-0.17794,0.2804,0.89264,0.4343
5.824053648096393,-0.18114,0.2712,0.8967,0.4443600000000001
5.830343122878355,-0.18556,0.25694,0.89914,0.4566400000000001
5.836632597660316,-0.19634,0.25026,0.90198,0.45538000000000006
5.842922072442278,-0.20452,0.23794,0.90454,0.46207999999999994
5.849211547224239,-0.21226,0.22126,0.90434,0.47082
5.855501022006201,-0.21626,0.21302,0.91264,0.48336
5.861790496788162,-0.22058,0.19876,0.91186,0.49252
5.868079971570124,-0.22302,0.18608,0.91562,0.50652
5.874369446352085,-0.2351,0.17764,0.91662,0.50388
5.880658921134047,-0.23754,0.16444,0.92148,0.5195
5.886948395916009,-0.24604,0.14962,0.92398,0.52832
5.89323787069797,-0.24974,0.13666,0.9236,0.5372
5.899527345479932,-0.26252,0.12048,0.92942,0.54642
5.905816820261893,-0.2627,0.11134,0.93012,0.5560799999999999
5.912106295043855,-0.26988,0.10002,0.93238,0.56248
5.918395769825816,-0.27532,0.08972,0.93454,0.5695
5.924685244607778,-0.28258,0.07538,0.93654,0.5785800000000001
5.930974719389739,-0.28824,0.06012,0.93902,0.59066
5.937264194171701,-0.29092,0.04684,0.94142,0.6036600000000001
5.943553668953662,-0.29538,0.03592,0.94064,0.6093400000000001
5.949843143735624,-0.30096,0.01936,0.94374,0.62342
5.956132618517585,-0.30994,0.0094,0.9465,0.62716
5.962422093299547,-0.31704,0.00206,0.95088,0.63178
5.968711568081509,-0.31768,-0.0099,0.95262,0.6448400000000001
5.97500104286347,-0.33016,-0.03008,0.95218,0.6521
5.981290517645432,-0.33258,-0.04078,0.95618,0.6643800000000001
5.987579992427393,-0.3372,-0.0486,0.95732,0.66872
5.993869467209355,-0.3473,-0.06118,0.95772,0.6716
6.000158941991316,-0.35472,-0.07378,0.96118,0.68024
6.006448416773278,-0.3563,-0.08794,0.96024,0.6918799999999999
6.012737891555239,-0.36338,-0.10222,0.96424,0.7030799999999999
6.019027366337201,-0.37282,-0.11566,0.96526,0.7081000000000001
6.025316841119162,-0.37754,-0.1278,0.96598,0.71624
6.031606315901124,-0.38004,-0.13956,0.96908,0.7286
6.037895790683086,-0.3867,-0.15036,0.96988,0.7335400000000001
6.044185265465047,-0.39156,-0.16804,0.9714,0.74788
6.050474740247009,-0.40128,-0.17798,0.97378,0.75048
6.05676421502897,-0.40482,-0.18576,0.97486,0.7557999999999999
6.063053689810932,-0.41514,-0.20876,0.97558,0.7692000000000001
6.069343164592893,-0.41162,-0.21402,0.97652,0.7789200000000001
6.075632639374855,-0.41708,-0.22878,0.9792,0.7908999999999999
6.081922114156816,-0.42468,-0.23596,0.97928,0.7905599999999999
6.088211588938778,-0.43638,-0.25042,0.9807,0.79474
6.094501063720739,-0.4384,-0.26482,0.9826,0.8090200000000001
6.100790538502701,-0.4424,-0.27726,0.98316,0.81802
6.107080013284662,-0.44884,-0.29132,0.98424,0.82672
6.113369488066624,-0.45434,-0.2984,0.98594,0.8300000000000001
6.119658962848586,-0.46376,-0.30594,0.98604,0.8282200000000001
6.125948437630547,-0.4681,-0.32436,0.98722,0.84348
6.132237912412509,-0.4806,-0.33854,0.98866,0.8466
6.13852738719447,-0.48258,-0.3539,0.98984,0.86116
6.144816861976432,-0.4829,-0.35458,0.99008,0.86176
6.151106336758393,-0.49152,-0.37258,0.9915,0.87256
6.157395811540355,-0.49784,-0.38084,0.99282,0.87582
6.163685286322316,-0.50122,-0.3933,0.99254,0.88462
6.169974761104278,-0.50456,-0.40662,0.99386,0.8959199999999999
6.176264235886239,-0.50868,-0.4204,0.99386,0.9055799999999999
6.182553710668201,-0.51576,-0.4251,0.99492,0.9042600000000001
6.188843185450162,-0.52672,-0.43844,0.99618,0.9078999999999999
6.195132660232124,-0.52472,-0.4518,0.99578,0.92286
6.201422135014086,-0.53208,-0.45782,0.9963,0.92204
6.207711609796047,-0.53992,-0.46918,0.99718,0.9264399999999999
6.214001084578009,-0.54544,-0.48224,0.99786,0.9346599999999999
6.22029055935997,-0.54576,-0.48694,0.99796,0.9391399999999999
6.226580034141932,-0.55596,-0.5056,0.9981,0.94774
6.232869508923893,-0.5606,-0.51812,0.99896,0.95648
6.239158983705855,-0.56604,-0.52516,0.99896,0.9580799999999999
6.245448458487816,-0.56906,-0.53758,0.99932,0.9678399999999999
6.251737933269778,-0.57854,-0.54606,0.99952,0.9670399999999999
6.258027408051739,-0.57876,-0.55972,0.99968,0.98064
6.264316882833701,-0.5798,-0.5683,0.99984,0.98834
6.270606357615662,-0.58792,-0.58324,0.9999,0.99522
6.276895832397624,-0.59504,-0.58942,1.0,0.99438
6.283185307179586,-0.59848,-0.59942,1.0,1.00094
