omega_tau,C_12,C_13,C_23,K_3
0.0,-0.60602,-0.59684,1.0,0.99082
0.006289474781961547,-0.60194,-0.60638,0.99996,1.0044
0.012578949563923095,-0.61096,-0.61946,0.99988,1.00838
0.018868424345884642,-0.6118,-0.62796,0.9999,1.01606
0.02515789912784619,-0.6221,-0.63838,0.99974,1.01602
0.03144737390980774,-0.62378,-0.65222,0.99964,1.02808
0.037736848691769284,-0.63306,-0.65688,0.99928,1.0231
0.04402632347373083,-0.63512,-0.66856,0.99912,1.0325600000000001
0.05031579825569238,-0.63858,-0.67676,0.99874,1.0369199999999998
0.056605273037653926,-0.64384,-0.68836,0.99832,1.04284
0.06289474781961547,-0.64832,-0.69564,0.99796,1.04528
0.06918422260157703,-0.65496,-0.7008,0.99804,1.0438800000000001
0.07547369738353857,-0.65844,-0.71224,0.99716,1.05096
0.08176317216550011,-0.66252,-0.7206,0.9969,1.05498
0.08805264694746166,-0.6693,-0.73078,0.99632,1.0577999999999999
0.09434212172942322,-0.67074,-0.74062,0.99538,1.0652599999999999
0.10063159651138476,-0.67616,-0.74802,0.99508,1.06694
0.1069210712933463,-0.68556,-0.75508,0.99412,1.06364
0.11321054607530785,-0.6868,-0.76766,0.99314,1.074
0.1195000208572694,-0.69262,-0.7733,0.99332,1.0739999999999998
0.12578949563923095,-0.69326,-0.7774,0.99278,1.0769199999999999
0.1320789704211925,-0.69938,-0.78736,0.99168,1.07966
0.13836844520315406,-0.7045,-0.79672,0.99066,1.0828799999999998
0.1446579199851156,-0.71162,-0.80172,0.98888,1.07898
0.15094739476707714,-0.71338,-0.8097,0.9886,1.0849199999999999
0.15723686954903868,-0.71934,-0.8202,0.98798,1.08884
0.16352634433100022,-0.72372,-0.82566,0.98658,1.08852
0.16981581911296179,-0.72894,-0.82982,0.98554,1.08642
0.17610529389492333,-0.72896,-0.83886,0.9848,1.0947
0.18239476867688487,-0.73538,-0.84558,0.98304,1.09324
0.18868424345884643,-0.74252,-0.85244,0.98246,1.09238
0.19497371824080797,-0.74452,-0.85774,0.981,1.09422
0.20126319302276952,-0.74808,-0.86626,0.9802,1.0983800000000001
0.20755266780473106,-0.75004,-0.86922,0.9782,1.0973799999999998
0.2138421425866926,-0.75954,-0.8757,0.97772,1.09388
0.22013161736865416,-0.76236,-0.88364,0.97418,1.09546
0.2264210921506157,-0.76568,-0.88902,0.97406,1.0974
0.23271056693257725,-0.7693,-0.8964,0.97294,1.10004
0.2390000417145388,-0.77332,-0.90262,0.97208,1.10138
0.24528951649650035,-0.77476,-0.9062,0.97046,1.1019
0.2515789912784619,-0.77974,-0.9136,0.96826,1.10212
0.25786846606042346,-0.78376,-0.91414,0.9667,1.09708
0.264157940842385,-0.7859,-0.91868,0.96312,1.0958999999999999
0.27044741562434654,-0.7939,-0.9272,0.96328,1.0965799999999999
0.2767368904063081,-0.7954,-0.93146,0.96186,1.09792
0.2830263651882696,-0.80326,-0.93616,0.95806,1.09096
0.2893158399702312,-0.80192,-0.9422,0.9587,1.09898
0.2956053147521927,-0.80714,-0.94312,0.95616,1.09214
0.3018947895341543,-0.81212,-0.94832,0.95618,1.0923800000000001
0.30818426431611584,-0.81428,-0.95216,0.95256,1.09044
0.31447373909807735,-0.8173,-0.95636,0.94988,1.08894
0.3207632138800389,-0.8203,-0.95922,0.94952,1.0884399999999999
0.32705268866200043,-0.82412,-0.96298,0.9478,1.08666
0.333342163443962,-0.82784,-0.96698,0.94544,1.0845799999999999
0.33963163822592357,-0.8323,-0.96902,0.9428,1.07952
0.3459211130078851,-0.8334,-0.97242,0.94136,1.08038
0.35221058778984665,-0.83972,-0.97584,0.93772,1.0738400000000001
0.3585000625718082,-0.84248,-0.97788,0.93596,1.0713599999999999
0.36478953735376973,-0.84562,-0.9808,0.93568,1.07086
0.3710790121357313,-0.84866,-0.98264,0.9317,1.06568
0.37736848691769287,-0.8521,-0.98502,0.9305,1.06342
0.3836579616996544,-0.85748,-0.9868,0.9278,1.0571199999999998
0.38994743648161595,-0.85888,-0.9892,0.92468,1.055
0.39623691126357746,-0.8615,-0.99072,0.92328,1.0525
0.40252638604553903,-0.86658,-0.99258,0.92168,1.0476800000000002
0.4088158608275006,-0.87026,-0.99416,0.91764,1.04154
0.4151053356094621,-0.87232,-0.99518,0.91326,1.03612
0.4213948103914237,-0.87244,-0.99616,0.91258,1.0363
0.4276842851733852,-0.87848,-0.99752,0.9096,1.0286399999999998
0.43397375995534676,-0.88012,-0.99848,0.90966,1.0280200000000002
0.44026323473730833,-0.8844,-0.99896,0.9047,1.01926
0.44655270951926984,-0.88482,-0.99932,0.90156,1.01606
0.4528421843012314,-0.8915,-0.99972,0.8985,1.00672
0.459131659083193,-0.8922,-0.99994,0.89686,1.0046
0.4654211338651545,-0.89736,-1.0,0.89308,0.9957199999999999
0.47171060864711606,-0.89828,-0.9999,0.8911,0.99272
0.4780000834290776,-0.90202,-0.9996,0.8898,0.98738
0.48428955821103914,-0.9047,-0.99902,0.88462,0.97894
0.4905790329930007,-0.90512,-0.99828,0.88398,0.9771399999999999
0.4968685077749622,-0.90874,-0.9981,0.8769,0.96626
0.5031579825569238,-0.90964,-0.99624,0.87596,0.96256
0.5094474573388853,-0.91284,-0.99588,0.87252,0.95556
0.5157369321208469,-0.91566,-0.99494,0.86856,0.94784
0.5220264069028084,-0.91762,-0.99348,0.8653,0.94116
0.52831588168477,-0.92286,-0.99154,0.8671,0.93578
0.5346053564667316,-0.9254,-0.99038,0.8619,0.92688
0.5408948312486931,-0.92746,-0.9878,0.85858,0.9189200000000001
0.5471843060306546,-0.9313,-0.98582,0.85366,0.90818
0.5534737808126162,-0.9297,-0.98344,0.85216,0.9059
0.5597632555945777,-0.93288,-0.9816,0.84502,0.89374
0.5660527303765392,-0.93426,-0.9789,0.84434,0.88898
0.5723422051585008,-0.93838,-0.97688,0.84094,0.87944
0.5786316799404624,-0.94098,-0.97248,0.84066,0.8721599999999999
0.5849211547224239,-0.94262,-0.97062,0.83558,0.86358
0.5912106295043854,-0.94422,-0.96834,0.83054,0.85466
0.597500104286347,-0.94652,-0.96302,0.82576,0.84226
0.6037895790683085,-0.94748,-0.96094,0.82256,0.83602
0.6100790538502701,-0.9515,-0.95894,0.822,0.82944
0.6163685286322317,-0.95304,-0.9529,0.81852,0.81838
0.6226580034141932,-0.9536,-0.95036,0.81298,0.80974
0.6289474781961547,-0.9568,-0.94684,0.80774,0.79778
0.6352369529781163,-0.95734,-0.9434,0.80428,0.79034
0.6415264277600778,-0.96072,-0.93742,0.80232,0.77902
0.6478159025420394,-0.9612,-0.93108,0.79756,0.76744
0.6541053773240009,-0.96278,-0.92892,0.79176,0.7579
0.6603948521059625,-0.9665,-0.92314,0.78956,0.7462
0.666684326887924,-0.96624,-0.92002,0.78326,0.7370399999999999
0.6729738016698855,-0.96764,-0.91564,0.7838,0.7318000000000001
0.6792632764518471,-0.96928,-0.90638,0.77858,0.71568
0.6855527512338087,-0.97002,-0.90048,0.77346,0.70392
0.6918422260157702,-0.97254,-0.89756,0.77218,0.6972
0.6981317007977318,-0.97342,-0.89222,0.7681,0.6869000000000001
0.7044211755796933,-0.97596,-0.88558,0.76354,0.67316
0.7107106503616548,-0.9772,-0.8808,0.75848,0.6620800000000001
0.7170001251436164,-0.9787,-0.87474,0.7546,0.65064
0.723289599925578,-0.97854,-0.8679,0.74948,0.6388400000000001
0.7295790747075395,-0.98098,-0.86344,0.74656,0.62902
0.7358685494895011,-0.98132,-0.85454,0.74096,0.61418
0.7421580242714626,-0.9839,-0.84706,0.73984,0.6030000000000001
0.7484474990534241,-0.98448,-0.8425,0.7312,0.58922
0.7547369738353857,-0.98492,-0.83608,0.73132,0.58248
0.7610264486173473,-0.98612,-0.8311,0.71956,0.5645399999999999
0.7673159233993088,-0.98688,-0.82082,0.7143,0.5482400000000001
0.7736053981812703,-0.98878,-0.81466,0.71832,0.5442
0.7798948729632319,-0.98924,-0.80732,0.71112,0.5292
0.7861843477451934,-0.98988,-0.79668,0.70306,0.5098600000000001
0.7924738225271549,-0.99076,-0.79266,0.7002,0.5021000000000001
0.7987632973091165,-0.99132,-0.78434,0.6979,0.49092
0.8050527720910781,-0.99266,-0.77664,0.6948,0.47878
0.8113422468730396,-0.99326,-0.77252,0.6869,0.4661599999999999
0.8176317216550012,-0.99374,-0.76112,0.67908,0.4464600000000001
0.8239211964369627,-0.9943,-0.75406,0.67754,0.4373
0.8302106712189242,-0.99514,-0.74782,0.67068,0.42336000000000007
0.8365001460008858,-0.99574,-0.7349,0.66982,0.40898
0.8427896207828474,-0.9959,-0.72602,0.66588,0.396
0.8490790955648089,-0.99704,-0.71806,0.66372,0.38473999999999997
0.8553685703467704,-0.99734,-0.71064,0.65342,0.36672000000000005
0.861658045128732,-0.99804,-0.69762,0.64754,0.34712
0.8679475199106935,-0.99834,-0.68664,0.64944,0.33774000000000004
0.874236994692655,-0.99846,-0.67976,0.64244,0.32374
0.8805264694746167,-0.99894,-0.67024,0.63782,0.30911999999999995
0.8868159442565782,-0.99918,-0.6619,0.6319,0.2946200000000001
0.8931054190385397,-0.99938,-0.65236,0.62608,0.27906
0.8993948938205013,-0.99966,-0.64088,0.62428,0.26549999999999996
0.9056843686024628,-0.99972,-0.63498,0.6153,0.2505599999999999
0.9119738433844243,-0.99998,-0.62506,0.61404,0.23912
0.918263318166386,-0.99994,-0.61672,0.60952,0.22629999999999995
0.9245527929483475,-1.0,-0.60466,0.59886,0.20351999999999992
0.930842267730309,-1.0,-0.59666,0.59704,0.19369999999999998
0.9371317425122706,-0.99988,-0.58898,0.59656,0.18565999999999994
0.9434212172942321,-0.99996,-0.57604,0.587,0.16308
0.9497106920761936,-0.99972,-0.56466,0.57982,0.14476
0.9560001668581553,-0.99962,-0.55642,0.57672,0.13352000000000008
0.9622896416401168,-0.99942,-0.54318,0.57616,0.11992000000000003
0.9685791164220783,-0.99936,-0.53338,0.56986,0.10387999999999997
0.9748685912040398,-0.99902,-0.52238,0.56282,0.08617999999999992
0.9811580659860014,-0.99868,-0.51426,0.55528,0.07086000000000003
0.9874475407679629,-0.99828,-0.50234,0.55162,0.05568000000000006
0.9937370155499244,-0.99788,-0.48598,0.54312,0.03122000000000008
1.000026490331886,-0.99742,-0.47746,0.53752,0.01756000000000002
1.0063159651138476,-0.99692,-0.45858,0.53376,-0.0045800000000000285
1.012605439895809,-0.99626,-0.44938,0.53132,-0.015560000000000018
1.0188949146777706,-0.99592,-0.44582,0.522,-0.028100000000000014
1.0251843894597321,-0.99476,-0.43186,0.51994,-0.04296
1.0314738642416938,-0.99436,-0.41864,0.51876,-0.05696000000000001
1.0377633390236554,-0.9942,-0.4119,0.50696,-0.07534000000000002
1.0440528138056169,-0.99308,-0.39318,0.5039,-0.09599999999999997
1.0503422885875784,-0.99282,-0.38548,0.49872,-0.10862000000000005
1.05663176336954,-0.99142,-0.37794,0.49288,-0.12059999999999998
1.0629212381515014,-0.99118,-0.35956,0.48882,-0.14279999999999993
1.0692107129334631,-0.98992,-0.35094,0.48242,-0.1565600000000001
1.0755001877154247,-0.98854,-0.33904,0.476,-0.1735
1.0817896624973862,-0.98802,-0.32956,0.46852,-0.18994000000000005
1.0880791372793477,-0.98792,-0.31644,0.46578,-0.20570000000000005
1.0943686120613092,-0.98598,-0.30362,0.45886,-0.22350000000000003
1.1006580868432707,-0.98402,-0.29822,0.44844,-0.23735999999999996
1.1069475616252324,-0.98442,-0.28064,0.44868,-0.2550999999999999
1.113237036407194,-0.9841,-0.26828,0.44326,-0.27255999999999997
1.1195265111891555,-0.98224,-0.2584,0.43186,-0.29197999999999996
1.125815985971117,-0.98028,-0.24344,0.42522,-0.3116200000000001
1.1321054607530785,-0.9796,-0.2311,0.43022,-0.31828
1.13839493553504,-0.97814,-0.21758,0.4143,-0.34626
1.1446844103170015,-0.97524,-0.20676,0.41404,-0.3544399999999999
1.1509738850989633,-0.9755,-0.19646,0.40654,-0.37250000000000005
1.1572633598809248,-0.97336,-0.18364,0.4046,-0.3851199999999999
1.1635528346628863,-0.97366,-0.16172,0.39542,-0.41652
1.1698423094448478,-0.96976,-0.16392,0.39376,-0.41207999999999995
1.1761317842268093,-0.96918,-0.14646,0.3798,-0.44292
1.1824212590087708,-0.96644,-0.13146,0.37706,-0.45792
1.1887107337907326,-0.96556,-0.11556,0.36898,-0.48102
1.195000208572694,-0.9642,-0.1038,0.37018,-0.49022
1.2012896833546556,-0.96202,-0.10098,0.36196,-0.49908
1.207579158136617,-0.96182,-0.08536,0.35702,-0.51944
1.2138686329185786,-0.95958,-0.06616,0.34482,-0.5486
1.2201581077005401,-0.95654,-0.05556,0.3512,-0.5497799999999999
1.2264475824825016,-0.95518,-0.04572,0.33744,-0.57202
1.2327370572644634,-0.95338,-0.03234,0.32726,-0.59378
1.2390265320464249,-0.95296,-0.01962,0.32804,-0.6053000000000001
1.2453160068283864,-0.94846,-0.00148,0.32682,-0.6201599999999999
1.251605481610348,-0.9466,0.00802,0.31554,-0.63908
1.2578949563923094,-0.9464,0.01312,0.30322,-0.6563000000000001
1.264184431174271,-0.94518,0.02856,0.30366,-0.6700800000000001
1.2704739059562327,-0.94362,0.04446,0.29246,-0.6956199999999999
1.2767633807381942,-0.9418,0.05266,0.29004,-0.7044199999999999
1.2830528555201557,-0.93872,0.06826,0.28594,-0.7210399999999999
1.2893423303021172,-0.9353,0.07764,0.27476,-0.7381800000000001
1.2956318050840787,-0.93282,0.0863,0.26926,-0.74986
1.3019212798660402,-0.93108,0.10306,0.2665,-0.76764
1.3082107546480017,-0.92768,0.11658,0.25416,-0.7900999999999999
1.3145002294299635,-0.9254,0.124,0.25744,-0.79196
1.320789704211925,-0.92526,0.14172,0.249,-0.8179799999999999
1.3270791789938865,-0.92086,0.16198,0.24422,-0.83862
1.333368653775848,-0.91728,0.16336,0.2331,-0.84754
1.3396581285578095,-0.91658,0.18156,0.22764,-0.8704999999999998
1.345947603339771,-0.91116,0.1932,0.22128,-0.88308
1.3522370781217328,-0.91158,0.20764,0.21472,-0.9044999999999999
1.3585265529036943,-0.9093,0.22062,0.21032,-0.9196
1.3648160276856558,-0.9035,0.22788,0.20388,-0.9274999999999999
1.3711055024676173,-0.90264,0.24184,0.1935,-0.9509799999999999
1.3773949772495788,-0.90032,0.24634,0.19538,-0.95128
1.3836844520315403,-0.89806,0.27258,0.18834,-0.9823
1.389973926813502,-0.89504,0.2827,0.17684,-1.0009
1.3962634015954636,-0.89386,0.29328,0.1758,-1.01134
1.402552876377425,-0.88992,0.3028,0.16754,-1.02518
1.4088423511593866,-0.8862,0.31482,0.15956,-1.0414599999999998
1.4151318259413481,-0.88242,0.33004,0.15058,-1.06188
1.4214213007233096,-0.87954,0.33764,0.14862,-1.06856
1.4277107755052711,-0.87528,0.34546,0.14706,-1.07368
1.4340002502872329,-0.8723,0.36318,0.13126,-1.10422
1.4402897250691944,-0.87156,0.37766,0.12812,-1.1211
1.446579199851156,-0.87082,0.38604,0.12498,-1.13188
1.4528686746331174,-0.86628,0.39488,0.11952,-1.1416400000000002
1.459158149415079,-0.86498,0.4105,0.10942,-1.1660599999999999
1.4654476241970404,-0.8576,0.41974,0.10684,-1.1705
1.4717370989790022,-0.85302,0.43082,0.09554,-1.1883
1.4780265737609637,-0.85646,0.44944,0.09034,-1.21556
1.4843160485429252,-0.84882,0.45272,0.08566,-1.21588
1.4906055233248867,-0.8459,0.4633,0.0819,-1.2273
1.4968949981068482,-0.84082,0.47928,0.07756,-1.24254
1.5031844728888097,-0.84042,0.4885,0.06764,-1.26128
1.5094739476707715,-0.83612,0.5014,0.06236,-1.27516
1.515763422452733,-0.82908,0.50616,0.05166,-1.2835800000000002
1.5220528972346945,-0.82656,0.52188,0.04766,-1.30078
1.528342372016656,-0.82488,0.53218,0.0379,-1.3191599999999999
1.5346318467986175,-0.8202,0.5409,0.03584,-1.32526
1.540921321580579,-0.81914,0.5496,0.03076,-1.33798
1.5472107963625406,-0.81752,0.56516,0.0224,-1.36028
1.5535002711445023,-0.8089,0.57162,0.0197,-1.36082
1.5597897459264638,-0.80466,0.58684,0.009,-1.3825
1.5660792207084253,-0.80298,0.59504,-4e-05,-1.39806
1.5723686954903868,-0.80016,0.60028,-0.00432,-1.40476
1.5786581702723483,-0.79752,0.61398,-0.00952,-1.42102
1.5849476450543099,-0.79094,0.62018,-0.01548,-1.4266
1.5912371198362716,-0.78772,0.63554,-0.02118,-1.44444
1.597526594618233,-0.7855,0.64292,-0.02538,-1.4538
1.6038160694001946,-0.7788,0.65518,-0.03142,-1.4654
1.6101055441821561,-0.77894,0.66068,-0.04126,-1.48088
1.6163950189641176,-0.77048,0.66694,-0.04906,-1.48648
1.6226844937460791,-0.76584,0.67962,-0.04814,-1.4935999999999998
1.6289739685280407,-0.76628,0.68724,-0.0538,-1.50732
1.6352634433100024,-0.758,0.69558,-0.06046,-1.51404
1.641552918091964,-0.75628,0.70434,-0.0712,-1.53182
1.6478423928739254,-0.7527,0.7192,-0.07912,-1.5510199999999998
1.654131867655887,-0.74824,0.72164,-0.07456,-1.5444399999999998
1.6604213424378484,-0.74356,0.73504,-0.09352,-1.57212
1.66671081721981,-0.74364,0.74222,-0.09492,-1.5807799999999999
1.6730002920017717,-0.73278,0.75372,-0.09842,-1.5849199999999999
1.6792897667837332,-0.73222,0.75594,-0.10552,-1.59368
1.6855792415656947,-0.7235,0.76572,-0.1172,-1.60642
1.6918687163476562,-0.7176,0.77372,-0.1176,-1.60892
1.6981581911296177,-0.7199,0.78376,-0.12936,-1.6330200000000001
1.7044476659115793,-0.71248,0.78896,-0.1391,-1.64054
1.7107371406935408,-0.70686,0.79962,-0.14242,-1.6489
1.7170266154755025,-0.70368,0.80764,-0.14398,-1.6553
1.723316090257464,-0.69926,0.81412,-0.15372,-1.6671
1.7296055650394255,-0.6943,0.81716,-0.15864,-1.6701000000000001
1.735895039821387,-0.68744,0.82822,-0.16362,-1.6792799999999999
1.7421845146033486,-0.68478,0.83504,-0.17618,-1.6960000000000002
1.74847398938531,-0.68242,0.84236,-0.18102,-1.7058
1.7547634641672718,-0.67948,0.84838,-0.18446,-1.71232
1.7610529389492333,-0.6702,0.85498,-0.18828,-1.71346
1.7673424137311948,-0.67042,0.86486,-0.19794,-1.73322
1.7736318885131563,-0.66734,0.8667,-0.19836,-1.7324000000000002
1.7799213632951179,-0.65824,0.87274,-0.20528,-1.7362600000000001
1.7862108380770794,-0.65262,0.87938,-0.21042,-1.74242
1.792500312859041,-0.6483,0.885,-0.22308,-1.75638
1.7987897876410026,-0.6407,0.89098,-0.22322,-1.7549000000000001
1.8050792624229641,-0.6463,0.89828,-0.23126,-1.77584
1.8113687372049256,-0.63226,0.90176,-0.23238,-1.7664
1.8176582119868872,-0.63034,0.90636,-0.24936,-1.78606
1.8239476867688487,-0.62306,0.91444,-0.24798,-1.78548
1.8302371615508102,-0.61756,0.91696,-0.25282,-1.78734
1.836526636332772,-0.61174,0.9232,-0.256,-1.79094
1.8428161111147334,-0.60496,0.9246,-0.26634,-1.7959
1.849105585896695,-0.6086,0.93124,-0.27504,-1.81488
1.8553950606786564,-0.59664,0.93668,-0.27686,-1.81018
1.861684535460618,-0.59612,0.94082,-0.28378,-1.82072
1.8679740102425795,-0.59064,0.94496,-0.28942,-1.82502
1.8742634850245412,-0.5851,0.94968,-0.29492,-1.8296999999999999
1.8805529598065027,-0.57732,0.95474,-0.30656,-1.8386200000000001
1.8868424345884642,-0.57222,0.95732,-0.3123,-1.84184
1.8931319093704257,-0.5668,0.95956,-0.31568,-1.84204
1.8994213841523873,-0.56672,0.96336,-0.32044,-1.85052
1.9057108589343488,-0.55696,0.96518,-0.32262,-1.84476
1.9120003337163105,-0.55214,0.97076,-0.33412,-1.85702
1.918289808498272,-0.54952,0.97328,-0.33916,-1.86196
1.9245792832802335,-0.54578,0.9769,-0.3453,-1.8679800000000002
1.930868758062195,-0.53778,0.9787,-0.35564,-1.8721200000000002
1.9371582328441566,-0.53144,0.98154,-0.36082,-1.8738000000000001
1.943447707626118,-0.522,0.98292,-0.36596,-1.87088
1.9497371824080796,-0.51888,0.98642,-0.36956,-1.87486
1.9560266571900413,-0.51634,0.98902,-0.37516,-1.88052
1.9623161319720028,-0.50552,0.98956,-0.37936,-1.8744399999999999
1.9686056067539643,-0.50234,0.99068,-0.39,-1.8830200000000001
1.9748950815359259,-0.50146,0.99354,-0.39314,-1.88814
1.9811845563178874,-0.49446,0.994,-0.40254,-1.891
1.9874740310998489,-0.48746,0.99542,-0.40338,-1.88626
1.9937635058818106,-0.48484,0.99662,-0.4122,-1.8936600000000001
2.000052980663772,-0.47874,0.99788,-0.41614,-1.89276
2.0063424554457336,-0.47212,0.99852,-0.41864,-1.8892799999999998
2.012631930227695,-0.46756,0.99904,-0.42796,-1.89456
2.0189214050096567,-0.46376,0.99918,-0.4298,-1.8927399999999999
2.025210879791618,-0.45736,0.99988,-0.44082,-1.89806
2.0315003545735797,-0.44774,0.99998,-0.44736,-1.89508
2.037789829355541,-0.44152,0.99998,-0.4555,-1.897
2.0440793041375027,-0.4396,0.99976,-0.45382,-1.89318
2.0503687789194642,-0.42932,0.9995,-0.46244,-1.89126
2.056658253701426,-0.43352,0.99878,-0.4655,-1.8978000000000002
2.0629477284833877,-0.41988,0.9983,-0.47286,-1.8910399999999998
2.069237203265349,-0.41466,0.99762,-0.47558,-1.8878599999999999
2.0755266780473107,-0.41292,0.99626,-0.48374,-1.8929200000000002
2.0818161528292722,-0.40216,0.99526,-0.48566,-1.88308
2.0881056276112337,-0.4028,0.99468,-0.49402,-1.8915
2.0943951023931953,-0.3925,0.99268,-0.50504,-1.89022
2.1006845771751568,-0.38764,0.9907,-0.5081,-1.88644
2.1069740519571183,-0.3824,0.99004,-0.50992,-1.88236
2.11326352673908,-0.379,0.98746,-0.51056,-1.87702
2.1195530015210413,-0.36994,0.98546,-0.52208,-1.87748
2.125842476303003,-0.36406,0.98402,-0.52482,-1.8729
2.1321319510849643,-0.35672,0.98072,-0.53348,-1.87092
2.1384214258669263,-0.35192,0.97838,-0.53664,-1.86694
2.144710900648888,-0.34518,0.9764,-0.54882,-1.8704
2.1510003754308493,-0.34664,0.97364,-0.54858,-1.8688599999999997
2.157289850212811,-0.33608,0.9705,-0.55288,-1.85946
2.1635793249947723,-0.32928,0.96686,-0.55746,-1.8536000000000001
2.169868799776734,-0.3199,0.96294,-0.56752,-1.8503600000000002
2.1761582745586954,-0.3194,0.96058,-0.56686,-1.84684
2.182447749340657,-0.30842,0.95604,-0.57452,-1.83898
2.1887372241226184,-0.30904,0.95364,-0.57916,-1.84184
2.19502669890458,-0.29996,0.94866,-0.58572,-1.83434
2.2013161736865414,-0.29422,0.94672,-0.5875,-1.82844
2.207605648468503,-0.28582,0.93904,-0.59528,-1.8201399999999999
2.213895123250465,-0.27902,0.93618,-0.5981,-1.8133
2.2201845980324264,-0.27476,0.93076,-0.6062,-1.81172
2.226474072814388,-0.27018,0.92756,-0.60604,-1.8037800000000002
2.2327635475963494,-0.26252,0.92436,-0.61922,-1.8060999999999998
2.239053022378311,-0.25338,0.91706,-0.61964,-1.79008
2.2453424971602725,-0.24654,0.913,-0.62568,-1.78522
2.251631971942234,-0.2461,0.90672,-0.63004,-1.78286
2.2579214467241955,-0.24134,0.90234,-0.635,-1.77868
2.264210921506157,-0.23486,0.89632,-0.63808,-1.76926
2.2705003962881185,-0.22906,0.89072,-0.64052,-1.7603
2.27678987107008,-0.21468,0.8858,-0.64806,-1.74854
2.2830793458520415,-0.2095,0.87718,-0.65118,-1.73786
2.289368820634003,-0.21182,0.87204,-0.66028,-1.74414
2.295658295415965,-0.20098,0.86478,-0.66358,-1.72934
2.3019477701979265,-0.19664,0.86098,-0.66656,-1.72418
2.308237244979888,-0.18608,0.85306,-0.6722,-1.71134
2.3145267197618495,-0.17936,0.84872,-0.67366,-1.70174
2.320816194543811,-0.17598,0.8401,-0.68136,-1.6974399999999998
2.3271056693257726,-0.17144,0.83604,-0.68914,-1.69662
2.333395144107734,-0.16638,0.82626,-0.69254,-1.68518
2.3396846188896956,-0.15746,0.8185,-0.6974,-1.67336
2.345974093671657,-0.14814,0.81044,-0.70092,-1.6595
2.3522635684536186,-0.14522,0.804,-0.70576,-1.6549800000000001
2.35855304323558,-0.1379,0.7983,-0.7079,-1.6441
2.3648425180175416,-0.12978,0.78882,-0.71394,-1.63254
2.371131992799503,-0.12982,0.77984,-0.7195,-1.6291600000000002
2.377421467581465,-0.12034,0.77536,-0.72082,-1.61652
2.3837109423634266,-0.11438,0.76808,-0.73004,-1.6125
2.390000417145388,-0.1047,0.75878,-0.73186,-1.59534
2.3962898919273496,-0.09766,0.75066,-0.73358,-1.5819
2.402579366709311,-0.10062,0.74134,-0.73884,-1.5808
2.4088688414912727,-0.08962,0.73446,-0.74374,-1.56782
2.415158316273234,-0.08692,0.7235,-0.7486,-1.55902
2.4214477910551957,-0.07696,0.7165,-0.7495,-1.54296
2.427737265837157,-0.07006,0.70582,-0.75688,-1.5327600000000001
2.4340267406191187,-0.06698,0.69222,-0.75774,-1.51694
2.4403162154010802,-0.05954,0.68588,-0.76288,-1.5083000000000002
2.4466056901830417,-0.04866,0.6822,-0.77258,-1.50344
2.4528951649650033,-0.0429,0.66932,-0.77176,-1.48398
2.459184639746965,-0.03322,0.65934,-0.77852,-1.4710800000000002
2.4654741145289267,-0.02768,0.65158,-0.78188,-1.46114
2.4717635893108882,-0.0243,0.64612,-0.78368,-1.4541
2.4780530640928498,-0.01906,0.63462,-0.7877,-1.4413799999999999
2.4843425388748113,-0.014,0.62378,-0.7897,-1.42748
2.490632013656773,-0.00456,0.60726,-0.79728,-1.4091
2.4969214884387343,-0.00316,0.59942,-0.80028,-1.40286
2.503210963220696,0.00762,0.58978,-0.80454,-1.3867
2.5095004380026573,0.00822,0.58526,-0.80818,-1.38522
2.515789912784619,0.0184,0.57102,-0.80938,-1.362
2.5220793875665803,0.02072,0.56058,-0.816,-1.3558599999999998
2.528368862348542,0.03104,0.55,-0.81648,-1.3354400000000002
2.5346583371305034,0.03594,0.53888,-0.821,-1.32394
2.5409478119124653,0.04184,0.53048,-0.82502,-1.31366
2.547237286694427,0.05376,0.51754,-0.82644,-1.29022
2.5535267614763884,0.06052,0.50222,-0.83168,-1.27338
2.55981623625835,0.06304,0.49752,-0.83554,-1.27002
2.5661057110403114,0.07266,0.48904,-0.84294,-1.25932
2.572395185822273,0.07624,0.48012,-0.84138,-1.24526
2.5786846606042344,0.07764,0.4644,-0.8463,-1.23306
2.584974135386196,0.0875,0.45222,-0.84948,-1.2142
2.5912636101681574,0.08568,0.4429,-0.85088,-1.2081
2.597553084950119,0.0996,0.4275,-0.85884,-1.18674
2.6038425597320805,0.09628,0.41972,-0.85568,-1.17912
2.610132034514042,0.11378,0.41022,-0.86026,-1.1567
2.6164215092960035,0.11898,0.39418,-0.8659,-1.1411
2.6227109840779654,0.12062,0.3828,-0.86926,-1.13144
2.629000458859927,0.12862,0.37554,-0.87094,-1.11786
2.6352899336418885,0.14102,0.3644,-0.8751,-1.09848
2.64157940842385,0.13902,0.34532,-0.87768,-1.08398
2.6478688832058115,0.15316,0.33622,-0.88112,-1.0641800000000001
2.654158357987773,0.1522,0.32724,-0.88356,-1.0586
2.6604478327697345,0.16178,0.31208,-0.88882,-1.03912
2.666737307551696,0.1751,0.30166,-0.88776,-1.0143199999999999
2.6730267823336575,0.17214,0.2887,-0.89202,-1.00858
2.679316257115619,0.17978,0.28012,-0.8962,-0.99654
2.6856057318975806,0.18742,0.26412,-0.89824,-0.97494
2.691895206679542,0.1905,0.25272,-0.89936,-0.9615800000000001
2.698184681461504,0.19438,0.23944,-0.90502,-0.95008
2.7044741562434655,0.20882,0.23056,-0.90702,-0.92876
2.710763631025427,0.21094,0.21624,-0.90994,-0.9152399999999999
2.7170531058073886,0.21796,0.20258,-0.91286,-0.89748
2.72334258058935,0.22246,0.19462,-0.91316,-0.88532
2.7296320553713116,0.22826,0.17778,-0.91712,-0.8666400000000001
2.735921530153273,0.23786,0.17064,-0.91632,-0.8491000000000001
2.7422110049352346,0.23764,0.14984,-0.92058,-0.83278
2.748500479717196,0.24448,0.13546,-0.92574,-0.81672
2.7547899544991576,0.25412,0.13112,-0.9265,-0.8035
2.761079429281119,0.26042,0.11698,-0.92882,-0.78538
2.7673689040630807,0.2665,0.10314,-0.93172,-0.7683599999999999
2.773658378845042,0.269,0.0928,-0.93244,-0.75624
2.779947853627004,0.28062,0.0813,-0.9364,-0.7370800000000001
2.7862373284089657,0.28782,0.06536,-0.93744,-0.7149800000000001
2.792526803190927,0.29496,0.05896,-0.93998,-0.70398
2.7988162779728887,0.30174,0.04614,-0.94074,-0.68514
2.80510575275485,0.29966,0.02752,-0.94446,-0.67232
2.8113952275368117,0.30688,0.01516,-0.9447,-0.65298
2.817684702318773,0.31756,0.00044,-0.94686,-0.62974
2.8239741771007347,0.32414,-0.00722,-0.9509,-0.61954
2.8302636518826962,0.32516,-0.02234,-0.95156,-0.6040599999999999
2.8365531266646578,0.33362,-0.03406,-0.9553,-0.58762
2.8428426014466193,0.33802,-0.05458,-0.9538,-0.5612
2.849132076228581,0.34248,-0.0592,-0.95578,-0.5540999999999999
2.8554215510105423,0.35046,-0.0696,-0.9597,-0.53964
2.8617110257925042,0.35274,-0.08756,-0.96082,-0.52052
2.8680005005744658,0.36314,-0.10072,-0.96064,-0.49678
2.8742899753564273,0.36936,-0.10602,-0.9644,-0.48902
2.880579450138389,0.37244,-0.1294,-0.96652,-0.4646800000000001
2.8868689249203503,0.37508,-0.1384,-0.96642,-0.45294
2.893158399702312,0.38554,-0.14598,-0.96946,-0.43794
2.8994478744842733,0.39484,-0.15674,-0.96948,-0.41790000000000005
2.905737349266235,0.39276,-0.1656,-0.97122,-0.41286
2.9120268240481963,0.4064,-0.1855,-0.97352,-0.38162000000000007
2.918316298830158,0.40562,-0.19782,-0.9747,-0.37126000000000003
2.9246057736121194,0.4132,-0.2119,-0.97502,-0.34992
2.930895248394081,0.41678,-0.22048,-0.9781,-0.34084000000000003
2.9371847231760424,0.42472,-0.2309,-0.97938,-0.32376000000000005
2.9434741979580044,0.4304,-0.2482,-0.98082,-0.30222000000000004
2.949763672739966,0.44104,-0.25508,-0.98116,-0.28504000000000007
2.9560531475219274,0.43852,-0.26826,-0.98328,-0.2765
2.962342622303889,0.45136,-0.28406,-0.98406,-0.24864000000000008
2.9686320970858504,0.45352,-0.29674,-0.98482,-0.2345600000000001
2.974921571867812,0.46056,-0.30396,-0.98638,-0.22185999999999995
2.9812110466497734,0.4627,-0.31566,-0.98662,-0.20826000000000006
2.987500521431735,0.47078,-0.33294,-0.98862,-0.18490000000000006
2.9937899962136965,0.47486,-0.3362,-0.98864,-0.1775799999999999
3.000079470995658,0.48328,-0.35314,-0.9902,-0.15378000000000003
3.0063689457776195,0.48456,-0.3666,-0.99132,-0.14016
3.012658420559581,0.49466,-0.37782,-0.99168,-0.11920000000000003
3.018947895341543,0.49314,-0.38742,-0.99222,-0.11165999999999998
3.0252373701235045,0.50182,-0.4015,-0.99292,-0.08959999999999996
3.031526844905466,0.5066,-0.40876,-0.99428,-0.07891999999999999
3.0378163196874275,0.51102,-0.4211,-0.99496,-0.06283999999999995
3.044105794469389,0.51972,-0.43586,-0.99484,-0.03925999999999996
3.0503952692513505,0.52842,-0.44176,-0.9961,-0.02592
3.056684744033312,0.52734,-0.45718,-0.99626,-0.011740000000000028
3.0629742188152735,0.53546,-0.46568,-0.99728,0.0038599999999999746
3.069263693597235,0.54368,-0.47632,-0.99772,0.022280000000000022
3.0755531683791966,0.544,-0.48762,-0.99784,0.03378000000000009
3.081842643161158,0.54708,-0.49402,-0.99792,0.043179999999999996
3.0881321179431196,0.55934,-0.51024,-0.99858,0.07099999999999995
3.094421592725081,0.56238,-0.52022,-0.99884,0.08376000000000006
3.100711067507043,0.56336,-0.5315,-0.9991,0.09575999999999996
3.1070005422890046,0.57462,-0.544,-0.99942,0.11920000000000008
3.113290017070966,0.57694,-0.55432,-0.99966,0.13160000000000005
3.1195794918529276,0.58302,-0.56692,-0.99966,0.15027999999999997
3.125868966634889,0.5864,-0.57812,-0.99992,0.16459999999999997
3.1321584414168506,0.58928,-0.58572,-0.99996,0.17504000000000008
3.138447916198812,0.59704,-0.59506,-1.0,0.19210000000000005
3.1447373909807737,0.59986,-0.60534,-0.99998,0.20521999999999996
3.151026865762735,0.60872,-0.6155,-0.9999,0.22432000000000007
3.1573163405446967,0.61394,-0.62286,-0.99982,0.23697999999999997
3.163605815326658,0.61594,-0.63334,-0.99978,0.24950000000000006
3.1698952901086197,0.62022,-0.64118,-0.9996,0.2617999999999999
3.176184764890581,0.62674,-0.65604,-0.99954,0.28323999999999994
3.182474239672543,0.6298,-0.6652,-0.99902,0.29598
3.1887637144545047,0.63846,-0.67352,-0.9989,0.31308
3.195053189236466,0.63958,-0.6817,-0.99864,0.32264000000000004
3.2013426640184277,0.64898,-0.68804,-0.9982,0.33882
3.207632138800389,0.6511,-0.70378,-0.99792,0.35695999999999994
3.2139216135823507,0.65588,-0.71086,-0.99718,0.3695600000000001
3.2202110883643122,0.66182,-0.7202,-0.99664,0.38537999999999994
3.2265005631462738,0.66504,-0.72596,-0.99654,0.39446000000000003
3.2327900379282353,0.66634,-0.73418,-0.9961,0.4044200000000001
3.239079512710197,0.67494,-0.743,-0.99458,0.42335999999999996
3.2453689874921583,0.68066,-0.75162,-0.99524,0.43704
3.25165846227412,0.68448,-0.76066,-0.9942,0.45094
3.2579479370560813,0.687,-0.76846,-0.993,0.4624600000000001
3.2642374118380433,0.69342,-0.77664,-0.9914,0.4786600000000001
3.270526886620005,0.69612,-0.7823,-0.99194,0.4864799999999999
3.2768163614019663,0.70426,-0.79002,-0.99076,0.50352
3.283105836183928,0.70332,-0.79784,-0.99018,0.51098
3.2893953109658893,0.71344,-0.80846,-0.98954,0.5323599999999999
3.295684785747851,0.71106,-0.8131,-0.9881,0.5360600000000001
3.3019742605298124,0.72074,-0.82194,-0.98686,0.5558200000000001
3.308263735311774,0.7288,-0.83138,-0.98528,0.5749
3.3145532100937354,0.72818,-0.83358,-0.98488,0.5768800000000001
3.320842684875697,0.72956,-0.84334,-0.984,0.5889
3.3271321596576584,0.74024,-0.85022,-0.98394,0.60652
3.33342163443962,0.74078,-0.85488,-0.98158,0.61408
3.3397111092215814,0.74794,-0.86376,-0.98086,0.6308400000000001
3.3460005840035434,0.74974,-0.8708,-0.98006,0.6404799999999999
3.352290058785505,0.7536,-0.87346,-0.97748,0.64958
3.3585795335674664,0.75754,-0.88214,-0.97694,0.66274
3.364869008349428,0.7623,-0.88942,-0.97506,0.6766599999999999
3.3711584831313894,0.766,-0.89106,-0.97344,0.68362
3.377447957913351,0.77052,-0.89562,-0.97166,0.69448
3.3837374326953125,0.77596,-0.90356,-0.96896,0.71056
3.390026907477274,0.77856,-0.9119,-0.96906,0.7214
3.3963163822592355,0.78038,-0.91612,-0.96776,0.72874
3.402605857041197,0.78726,-0.92,-0.96552,0.74174
3.4088953318231585,0.79174,-0.92424,-0.96348,0.7525
3.41518480660512,0.7932,-0.92912,-0.9634,0.7589199999999999
3.4214742813870815,0.79968,-0.9323,-0.9607,0.77128
3.4277637561690435,0.80104,-0.93756,-0.95982,0.7787799999999999
3.434053230951005,0.8075,-0.9433,-0.95974,0.79106
3.4403427057329665,0.80782,-0.94724,-0.95634,0.79872
3.446632180514928,0.8112,-0.94846,-0.9536,0.80606
3.4529216552968895,0.8142,-0.95436,-0.95208,0.81648
3.459211130078851,0.8169,-0.95774,-0.94834,0.8263
3.4655006048608126,0.82302,-0.96118,-0.94886,0.83534
3.471790079642774,0.8272,-0.96594,-0.9454,0.84774
3.4780795544247356,0.83128,-0.96688,-0.94354,0.8546199999999999
3.484369029206697,0.83778,-0.97148,-0.94146,0.8678
3.4906585039886586,0.83886,-0.97332,-0.93878,0.8734000000000001
3.49694797877062,0.84148,-0.97648,-0.93678,0.8811800000000001
3.503237453552582,0.84488,-0.97918,-0.93534,0.8887200000000001
3.5095269283345436,0.84778,-0.98138,-0.9337,0.89546
3.515816403116505,0.85212,-0.9844,-0.93232,0.9042
3.5221058778984666,0.8557,-0.98524,-0.92792,0.91302
3.528395352680428,0.8546,-0.98878,-0.92586,0.91752
3.5346848274623897,0.8604,-0.98988,-0.92246,0.9278200000000001
3.540974302244351,0.86382,-0.99194,-0.922,0.93376
3.5472637770263127,0.86772,-0.99326,-0.91884,0.9421400000000001
3.553553251808274,0.86898,-0.9941,-0.9161,0.9469799999999999
3.5598427265902357,0.87118,-0.9961,-0.91146,0.9558199999999999
3.566132201372197,0.87308,-0.99706,-0.91138,0.95876
3.5724216761541587,0.88126,-0.99798,-0.90962,0.96962
3.5787111509361202,0.88186,-0.99852,-0.90562,0.97476
3.585000625718082,0.88566,-0.99914,-0.9026,0.9822000000000001
3.5912901005000437,0.8862,-0.99954,-0.90058,0.9851599999999999
3.5975795752820052,0.89058,-0.99988,-0.8992,0.99126
3.6038690500639667,0.89308,-1.0,-0.89668,0.9964
3.6101585248459283,0.89258,-0.99992,-0.8918,1.0007000000000001
3.6164479996278898,0.90038,-0.99974,-0.89174,1.0083799999999998
3.6227374744098513,0.9016,-0.99932,-0.88552,1.0154
3.629026949191813,0.90676,-0.99886,-0.88262,1.0230000000000001
3.6353164239737743,0.90846,-0.9984,-0.88288,1.02398
3.641605898755736,0.90846,-0.99698,-0.8788,1.02664
3.6478953735376973,0.91206,-0.99646,-0.87572,1.0328
3.654184848319659,0.91366,-0.99554,-0.87248,1.0367199999999999
3.6604743231016204,0.91992,-0.99368,-0.86944,1.04416
3.6667637978835823,0.91894,-0.9925,-0.86628,1.04516
3.673053272665544,0.92318,-0.99078,-0.86078,1.05318
3.6793427474475053,0.924,-0.98854,-0.85748,1.05506
3.685632222229467,0.92698,-0.98716,-0.85394,1.0602
3.6919216970114284,0.92886,-0.98602,-0.8535,1.06138
3.69821117179339,0.93034,-0.98216,-0.84978,1.06272
3.7045006465753514,0.93294,-0.97954,-0.84536,1.06712
3.710790121357313,0.93588,-0.9782,-0.83986,1.07422
3.7170795961392744,0.94038,-0.9747,-0.84028,1.0748
3.723369070921236,0.94102,-0.97264,-0.83754,1.07612
3.7296585457031974,0.94354,-0.96826,-0.83028,1.08152
3.735948020485159,0.94422,-0.9667,-0.8295,1.08142
3.7422374952671205,0.94756,-0.963,-0.82506,1.0855
3.7485269700490824,0.95048,-0.9602,-0.81844,1.09224
3.754816444831044,0.95082,-0.95642,-0.81824,1.089
3.7611059196130054,0.95238,-0.95196,-0.81622,1.08812
3.767395394394967,0.9558,-0.94772,-0.80948,1.0940400000000001
3.7736848691769285,0.95584,-0.94494,-0.8083,1.0924800000000001
3.77997434395889,0.95846,-0.9409,-0.80152,1.09784
3.7862638187408515,0.9608,-0.93552,-0.80142,1.0949
3.792553293522813,0.96152,-0.93004,-0.79438,1.09718
3.7988427683047745,0.96352,-0.92496,-0.79008,1.0984
3.805132243086736,0.96654,-0.92046,-0.7893,1.0977
3.8114217178686975,0.965,-0.91814,-0.78564,1.0975
3.817711192650659,0.96866,-0.91164,-0.7807,1.0996000000000001
3.824000667432621,0.96896,-0.90482,-0.77478,1.099
3.8302901422145825,0.97204,-0.90138,-0.77446,1.09896
3.836579616996544,0.97278,-0.8957,-0.76894,1.0995400000000002
3.8428690917785056,0.97456,-0.89016,-0.7624,1.10232
3.849158566560467,0.97552,-0.88378,-0.76376,1.0955400000000002
3.8554480413424286,0.97672,-0.87624,-0.75498,1.0979800000000002
3.86173751612439,0.97898,-0.87204,-0.74948,1.10154
3.8680269909063516,0.98044,-0.86888,-0.7487,1.10062
3.874316465688313,0.98026,-0.86042,-0.74414,1.09654
3.8806059404702746,0.98268,-0.85236,-0.74082,1.09422
3.886895415252236,0.9838,-0.84582,-0.73474,1.09488
3.8931848900341977,0.985,-0.83936,-0.72734,1.09702
3.899474364816159,0.98554,-0.83072,-0.72554,1.0907200000000001
3.905763839598121,0.98652,-0.82792,-0.72182,1.09262
3.9120533143800826,0.98742,-0.82076,-0.71524,1.09294
3.918342789162044,0.98846,-0.8111,-0.71304,1.0865200000000002
3.9246322639440057,0.98866,-0.79768,-0.70686,1.0794799999999998
3.930921738725967,0.9911,-0.79634,-0.7004,1.08704
3.9372112135079287,0.99098,-0.78894,-0.7008,1.07912
3.94350068828989,0.99262,-0.7765,-0.69498,1.0741399999999999
3.9497901630718517,0.99228,-0.7723,-0.69152,1.07306
3.9560796378538132,0.99418,-0.76238,-0.68706,1.0695
3.9623691126357747,0.99484,-0.75652,-0.6804,1.07096
3.9686585874177362,0.99482,-0.74834,-0.67512,1.0680399999999999
3.9749480621996978,0.99568,-0.74018,-0.67048,1.06538
3.9812375369816593,0.99606,-0.73166,-0.67162,1.0560999999999998
3.9875270117636212,0.99642,-0.72578,-0.66372,1.0584799999999999
3.9938164865455827,0.99686,-0.71508,-0.65984,1.0521
4.000105961327544,0.99762,-0.70314,-0.65248,1.04828
4.006395436109505,0.99794,-0.69334,-0.65058,1.0407
4.012684910891467,0.99862,-0.68674,-0.64186,1.0434999999999999
4.018974385673428,0.99882,-0.67924,-0.64072,1.03734
4.02526386045539,0.9989,-0.66866,-0.63984,1.02772
4.031553335237352,0.99922,-0.65946,-0.62758,1.0311
4.037842810019313,0.99938,-0.64952,-0.6265,1.0224000000000002
4.044132284801275,0.99978,-0.64022,-0.62196,1.01804
4.050421759583236,0.99988,-0.62832,-0.61244,1.01576
4.056711234365198,0.99992,-0.61906,-0.61084,1.00814
4.063000709147159,1.0,-0.6131,-0.6034,1.0097
4.069290183929121,1.0,-0.60074,-0.59866,1.00208
4.075579658711082,1.0,-0.58608,-0.59542,0.9906600000000001
4.081869133493044,0.99994,-0.58008,-0.59114,0.9888800000000001
4.088158608275005,0.99982,-0.56244,-0.5841,0.9781600000000001
4.094448083056967,0.9997,-0.55738,-0.57836,0.97872
4.1007375578389285,0.99958,-0.54648,-0.57342,0.97264
4.10702703262089,0.99908,-0.53698,-0.56894,0.96712
4.113316507402852,0.99932,-0.5258,-0.56132,0.9638
4.119605982184813,0.99832,-0.51702,-0.55826,0.95708
4.125895456966775,0.99818,-0.50706,-0.55642,0.9488199999999999
4.1321849317487365,0.99806,-0.49324,-0.54942,0.9418799999999999
4.138474406530698,0.99756,-0.4846,-0.5421,0.9400599999999999
4.1447638813126595,0.9974,-0.47062,-0.53176,0.9362599999999999
4.1510533560946214,0.99622,-0.4604,-0.53482,0.9218
4.1573428308765825,0.99642,-0.45204,-0.5269,0.9215599999999999
4.1636323056585445,0.99552,-0.43336,-0.5182,0.9106799999999999
4.1699217804405055,0.99472,-0.42992,-0.51228,0.9123600000000001
4.1762112552224675,0.99418,-0.41816,-0.51102,0.9013199999999999
4.182500730004429,0.9929,-0.4005,-0.5051,0.8883000000000001
4.1887902047863905,0.99176,-0.39376,-0.5052,0.88032
4.1950796795683525,0.99236,-0.38342,-0.49258,0.8832
4.2013691543503136,0.99162,-0.37322,-0.48794,0.8768999999999999
4.2076586291322755,0.98946,-0.35636,-0.48314,0.86268
4.213948103914237,0.99022,-0.34472,-0.47962,0.85532
4.2202375786961985,0.98836,-0.33342,-0.47348,0.8483
4.22652705347816,0.9881,-0.32282,-0.46404,0.84688
4.232816528260122,0.98518,-0.31338,-0.45992,0.8386399999999999
4.239106003042083,0.98492,-0.29874,-0.45492,0.82874
4.245395477824045,0.98422,-0.286,-0.45318,0.81704
4.251684952606006,0.98236,-0.27862,-0.44102,0.8199599999999999
4.257974427387968,0.98176,-0.26162,-0.4378,0.80558
4.264263902169929,0.9817,-0.24904,-0.43386,0.79688
4.270553376951891,0.97962,-0.23886,-0.42836,0.79012
4.276842851733853,0.97772,-0.22466,-0.41976,0.78262
4.283132326515814,0.97786,-0.21042,-0.40772,0.7805599999999999
4.289421801297776,0.9767,-0.19856,-0.41054,0.76472
4.295711276079737,0.97458,-0.1853,-0.40698,0.7529
4.302000750861699,0.97284,-0.17666,-0.3963,0.7532000000000001
4.30829022564366,0.9701,-0.16248,-0.39818,0.7343999999999999
4.314579700425622,0.96996,-0.15446,-0.38892,0.7355
4.320869175207583,0.96952,-0.13432,-0.37978,0.72406
4.327158649989545,0.96622,-0.12922,-0.3722,0.72324
4.333448124771506,0.96532,-0.12012,-0.36872,0.71672
4.339737599553468,0.964,-0.09908,-0.36212,0.70096
4.346027074335429,0.96198,-0.08948,-0.35866,0.6928
4.352316549117391,0.96036,-0.07424,-0.35352,0.68108
4.358606023899353,0.95784,-0.06676,-0.34298,0.68162
4.364895498681314,0.95494,-0.04964,-0.34314,0.66144
4.371184973463276,0.9531,-0.04214,-0.33436,0.6608799999999999
4.377474448245237,0.9528,-0.03122,-0.32554,0.65848
4.383763923027199,0.95188,-0.00904,-0.32862,0.6323
4.39005339780916,0.94976,-0.00044,-0.31884,0.63136
4.396342872591122,0.94614,0.01402,-0.31618,0.6159399999999999
4.402632347373083,0.94504,0.01608,-0.29794,0.63102
4.408921822155045,0.94238,0.0381,-0.29932,0.6049599999999999
4.415211296937006,0.94072,0.04582,-0.2963,0.5986
4.421500771718968,0.93786,0.06242,-0.28068,0.5947600000000001
4.42779024650093,0.93794,0.07842,-0.2816,0.5779199999999999
4.434079721282891,0.93362,0.08802,-0.27352,0.57208
4.440369196064853,0.9325,0.1022,-0.26872,0.5615800000000001
4.446658670846814,0.93054,0.11292,-0.2586,0.55902
4.452948145628776,0.9266,0.12652,-0.25924,0.54084
4.459237620410737,0.92492,0.14224,-0.2493,0.53338
4.465527095192699,0.92252,0.1547,-0.24388,0.5239400000000001
4.47181656997466,0.92192,0.16238,-0.23786,0.52168
4.478106044756622,0.91372,0.1769,-0.22972,0.5070999999999999
4.484395519538583,0.91402,0.1918,-0.22732,0.4949000000000001
4.490684994320545,0.91268,0.19648,-0.21846,0.49774000000000007
4.496974469102506,0.90964,0.2073,-0.21836,0.48397999999999997
4.503263943884468,0.90536,0.22244,-0.20934,0.4735800000000001
4.50955341866643,0.90382,0.23388,-0.20478,0.46516
4.515842893448391,0.90196,0.253,-0.19496,0.45399999999999996
4.522132368230353,0.89972,0.26136,-0.1843,0.45405999999999996
4.528421843012314,0.8958,0.27748,-0.1877,0.43062000000000006
4.534711317794276,0.89196,0.29172,-0.17664,0.4236
4.541000792576237,0.8898,0.299,-0.17004,0.4207600000000001
4.547290267358199,0.88658,0.31052,-0.16596,0.4101
4.55357974214016,0.88774,0.3201,-0.16204,0.4056
4.559869216922122,0.88084,0.33598,-0.14632,0.39853999999999995
4.566158691704083,0.8777,0.34264,-0.14924,0.38582
4.572448166486045,0.87816,0.35538,-0.1393,0.3834800000000001
4.578737641268006,0.87114,0.36338,-0.13658,0.37118
4.585027116049968,0.86886,0.37834,-0.12718,0.36334
4.59131659083193,0.86572,0.3933,-0.11708,0.3553400000000001
4.597606065613891,0.86344,0.4027,-0.12168,0.33906
4.603895540395853,0.86084,0.407,-0.11066,0.3431800000000001
4.610185015177814,0.85758,0.42234,-0.10284,0.3324
4.616474489959776,0.8507,0.43338,-0.09442,0.3229000000000001
4.622763964741737,0.84884,0.45026,-0.09416,0.30442
4.629053439523699,0.8466,0.46286,-0.08336,0.30038000000000004
4.63534291430566,0.84244,0.46726,-0.0758,0.29938
4.641632389087622,0.8372,0.48126,-0.07304,0.28290000000000004
4.647921863869583,0.83848,0.49464,-0.06744,0.2763999999999999
4.654211338651545,0.83274,0.50002,-0.05336,0.27936000000000005
4.660500813433506,0.83178,0.51074,-0.0537,0.26734
4.666790288215468,0.8278,0.52798,-0.0393,0.26052
4.67307976299743,0.82462,0.53216,-0.03356,0.2589
4.679369237779391,0.82508,0.54636,-0.03026,0.24846000000000013
4.685658712561353,0.81576,0.55628,-0.02874,0.23074000000000006
4.691948187343314,0.8111,0.56848,-0.01744,0.22518000000000005
4.698237662125276,0.81004,0.58122,-0.01728,0.21154000000000006
4.704527136907237,0.80412,0.587,-0.00566,0.21145999999999998
4.710816611689199,0.80366,0.60112,-0.00218,0.2003600000000001
4.71710608647116,0.796,0.60862,0.00632,0.19369999999999998
4.723395561253122,0.79194,0.62138,0.01678,0.18733999999999995
4.729685036035083,0.78858,0.62818,0.01676,0.17715999999999998
4.735974510817045,0.78808,0.6364,0.0183,0.16998000000000002
4.742263985599006,0.78418,0.64156,0.02814,0.1707599999999999
4.748553460380968,0.77602,0.65682,0.0292,0.1484000000000001
4.75484293516293,0.77478,0.66574,0.03788,0.14692000000000005
4.761132409944891,0.77038,0.67856,0.04718,0.1389999999999999
4.767421884726853,0.76726,0.68684,0.05584,0.13626000000000005
4.773711359508814,0.76446,0.6938,0.064,0.13466
4.780000834290776,0.75698,0.70184,0.06488,0.12002000000000002
4.786290309072737,0.75248,0.70888,0.07362,0.1172200000000001
4.792579783854699,0.7517,0.71774,0.07678,0.11073999999999995
4.79886925863666,0.74748,0.72668,0.08536,0.10616000000000003
4.805158733418622,0.73568,0.7356,0.09558,0.09565999999999997
4.811448208200583,0.73786,0.7485,0.09956,0.08891999999999989
4.817737682982545,0.73294,0.75782,0.10554,0.08065999999999995
4.824027157764506,0.72974,0.76412,0.10872,0.07434000000000007
4.830316632546468,0.72118,0.7725,0.116,0.06468000000000007
4.83660610732843,0.72294,0.77966,0.1227,0.06598000000000004
4.842895582110391,0.71268,0.78756,0.12858,0.05369999999999997
4.849185056892353,0.7129,0.78966,0.13454,0.05777999999999994
4.855474531674314,0.70832,0.80048,0.14466,0.05249999999999999
4.861764006456276,0.69804,0.80814,0.14814,0.03803999999999996
4.8680534812382374,0.69724,0.8178,0.15404,0.033480000000000065
4.874342956020199,0.69368,0.8243,0.15842,0.027799999999999936
4.8806324308021605,0.68492,0.82746,0.16542,0.02288000000000001
4.886921905584122,0.68368,0.83734,0.17272,0.019059999999999966
4.8932113803660835,0.68122,0.84534,0.1768,0.012680000000000025
4.8995008551480455,0.67552,0.85266,0.18628,0.009140000000000037
4.9057903299300065,0.6692,0.8574,0.1968,0.008599999999999941
4.9120798047119685,0.66288,0.8625,0.19816,-0.0014600000000000168
4.91836927949393,0.66268,0.8679,0.20186,-0.0033599999999999186
4.9246587542758915,0.65274,0.87732,0.20924,-0.01534000000000002
4.9309482290578535,0.65298,0.88164,0.21582,-0.012839999999999963
4.9372377038398145,0.646,0.8879,0.21942,-0.022479999999999944
4.9435271786217765,0.63784,0.89514,0.23392,-0.023380000000000067
4.9498166534037376,0.63304,0.89996,0.23832,-0.02859999999999996
4.9561061281856995,0.63658,0.9048,0.24432,-0.023900000000000032
4.962395602967661,0.62762,0.90772,0.25408,-0.026020000000000043
4.9686850777496225,0.6272,0.91386,0.25612,-0.03054000000000001
4.974974552531584,0.6169,0.92262,0.26232,-0.043399999999999994
4.981264027313546,0.6161,0.92322,0.26414,-0.04298000000000013
4.987553502095507,0.60714,0.92956,0.27406,-0.04836000000000007
4.993842976877469,0.60186,0.9339,0.2796,-0.05244000000000004
5.0001324516594305,0.5956,0.94034,0.291,-0.0537399999999999
5.006421926441392,0.59492,0.94398,0.29114,-0.05791999999999997
5.012711401223354,0.58836,0.94638,0.29422,-0.06380000000000008
5.019000876005315,0.58088,0.95128,0.30224,-0.06816000000000011
5.025290350787277,0.57858,0.95452,0.31064,-0.06530000000000002
5.031579825569238,0.57426,0.9581,0.31842,-0.06542000000000003
5.0378693003512,0.56504,0.9607,0.32202,-0.07364000000000004
5.044158775133161,0.56226,0.96474,0.32306,-0.07942000000000005
5.050448249915123,0.5598,0.96914,0.33586,-0.0734800000000001
5.056737724697084,0.55156,0.97138,0.34032,-0.07950000000000002
5.063027199479046,0.54738,0.97604,0.34298,-0.08567999999999998
5.069316674261007,0.53616,0.9767,0.3557,-0.08484000000000003
5.075606149042969,0.5375,0.97968,0.35396,-0.08822000000000008
5.081895623824931,0.53212,0.98164,0.36214,-0.0873799999999999
5.088185098606892,0.5257,0.98494,0.37018,-0.08906000000000003
5.094474573388854,0.51552,0.9865,0.37326,-0.09772000000000014
5.100764048170815,0.5109,0.98818,0.37954,-0.09773999999999994
5.107053522952777,0.5123,0.9907,0.38508,-0.09332000000000007
5.113342997734738,0.50106,0.99248,0.38802,-0.10340000000000016
5.1196324725167,0.49948,0.99376,0.39084,-0.10343999999999998
5.125921947298661,0.4894,0.9953,0.39954,-0.1063599999999999
5.132211422080623,0.487,0.99626,0.41112,-0.09814
5.138500896862584,0.48362,0.99766,0.41586,-0.09817999999999993
5.144790371644546,0.47636,0.99796,0.42152,-0.10007999999999995
5.151079846426507,0.46698,0.99858,0.42274,-0.10885999999999996
5.157369321208469,0.46306,0.99932,0.43564,-0.10061999999999993
5.163658795990431,0.4582,0.99976,0.44028,-0.10128000000000004
5.169948270772392,0.45148,1.0,0.4448,-0.10372000000000003
5.176237745554354,0.44716,1.0,0.44854,-0.10430000000000006
5.182527220336315,0.44496,0.99986,0.4573,-0.09759999999999991
5.188816695118277,0.43974,0.99984,0.45974,-0.1003599999999999
5.195106169900238,0.42512,0.99912,0.46346,-0.11054000000000008
5.2013956446822,0.42374,0.99888,0.46568,-0.10946
5.207685119464161,0.4117,0.99812,0.4774,-0.10902
5.213974594246123,0.41392,0.99704,0.47926,-0.10385999999999995
5.220264069028084,0.40688,0.99582,0.48564,-0.10330000000000006
5.226553543810046,0.40804,0.9948,0.49472,-0.09204000000000001
5.232843018592007,0.39958,0.99356,0.49848,-0.09550000000000003
5.239132493373969,0.39154,0.99192,0.50142,-0.09896000000000005
5.245421968155931,0.38288,0.98958,0.50734,-0.09936
5.251711442937892,0.37268,0.98948,0.50998,-0.10682000000000003
5.258000917719854,0.37288,0.9866,0.52354,-0.09018000000000004
5.264290392501815,0.36528,0.98438,0.52058,-0.09851999999999994
5.270579867283777,0.36106,0.98198,0.52858,-0.09233999999999998
5.276869342065738,0.3542,0.97914,0.53326,-0.0916800000000001
5.2831588168477,0.34894,0.97748,0.54384,-0.08470000000000011
5.289448291629661,0.33936,0.97458,0.54278,-0.09243999999999997
5.295737766411623,0.33438,0.9711,0.54972,-0.08699999999999997
5.302027241193584,0.32516,0.96882,0.55112,-0.09253999999999996
5.308316715975546,0.32846,0.96568,0.56238,-0.07484000000000002
5.314606190757508,0.32226,0.9622,0.56346,-0.0764800000000001
5.320895665539469,0.31084,0.95854,0.56954,-0.0781599999999999
5.327185140321431,0.31056,0.95532,0.57158,-0.07318000000000002
5.333474615103392,0.30152,0.94878,0.58098,-0.0662799999999999
5.339764089885354,0.29448,0.9478,0.5873,-0.06601999999999997
5.346053564667315,0.28834,0.9444,0.58922,-0.06684000000000012
5.352343039449277,0.28234,0.93988,0.5983,-0.05923999999999996
5.358632514231238,0.2763,0.93512,0.60018,-0.058639999999999914
5.3649219890132,0.26786,0.92968,0.60606,-0.05575999999999992
5.371211463795161,0.26632,0.92484,0.60762,-0.050899999999999945
5.377500938577123,0.2615,0.92042,0.618,-0.04092000000000007
5.383790413359084,0.251,0.91418,0.6204,-0.04278000000000004
5.390079888141046,0.2418,0.90912,0.62862,-0.03870000000000007
5.396369362923008,0.23664,0.90576,0.633,-0.03612000000000004
5.402658837704969,0.2396,0.89856,0.63328,-0.025680000000000036
5.408948312486931,0.23004,0.89286,0.63924,-0.023579999999999934
5.415237787268892,0.22348,0.8862,0.64902,-0.013699999999999934
5.421527262050854,0.22138,0.88298,0.65096,-0.010639999999999983
5.427816736832815,0.20518,0.87636,0.6553,-0.015880000000000005
5.434106211614777,0.20402,0.86804,0.66492,0.0008999999999999009
5.440395686396738,0.19634,0.85992,0.66456,0.0009799999999999809
5.4466851611787,0.19602,0.85282,0.66732,0.010519999999999974
5.452974635960661,0.1904,0.84726,0.6734,0.01654
5.459264110742623,0.1749,0.8424,0.6802,0.012699999999999934
5.465553585524584,0.1716,0.8358,0.6826,0.018399999999999972
5.471843060306546,0.17218,0.82946,0.68784,0.03056000000000003
5.478132535088508,0.15934,0.82502,0.6929,0.027220000000000022
5.484422009870469,0.15198,0.8177,0.69508,0.029360000000000053
5.490711484652431,0.15002,0.81152,0.6936,0.03210000000000002
5.497000959434392,0.1403,0.8006,0.70876,0.04845999999999995
5.503290434216354,0.1335,0.78888,0.71294,0.057560000000000056
5.509579908998315,0.13274,0.78768,0.71462,0.059679999999999955
5.515869383780277,0.1252,0.782,0.71964,0.0628399999999999
5.522158858562238,0.11818,0.77082,0.72332,0.07067999999999997
5.5284483333442,0.11616,0.7614,0.72766,0.08242000000000005
5.534737808126161,0.0978,0.75294,0.7334,0.07826
5.541027282908123,0.09626,0.7461,0.73818,0.08833999999999997
5.547316757690084,0.09586,0.73884,0.74354,0.10055999999999987
5.553606232472046,0.08342,0.7286,0.746,0.10082000000000002
5.559895707254008,0.07586,0.71742,0.74662,0.10506000000000004
5.566185182035969,0.07422,0.70982,0.75008,0.11447999999999992
5.572474656817931,0.06374,0.7016,0.75762,0.11975999999999998
5.578764131599892,0.0566,0.69554,0.76016,0.12121999999999988
5.585053606381854,0.05744,0.68296,0.76774,0.14222
5.591343081163815,0.0521,0.67448,0.76878,0.14640000000000009
5.597632555945777,0.04262,0.66692,0.77482,0.15052
5.603922030727738,0.03536,0.65368,0.78268,0.16436000000000006
5.6102115055097,0.03184,0.64526,0.78406,0.17064000000000001
5.6165009802916614,0.02132,0.6382,0.78516,0.16827999999999999
5.622790455073623,0.01714,0.6281,0.78868,0.1777200000000001
5.6290799298555845,0.0091,0.61552,0.7944,0.18798000000000004
5.635369404637546,0.00522,0.6114,0.79684,0.19065999999999994
5.641658879419508,-0.00786,0.60078,0.80434,0.1957000000000001
5.6479483542014695,-0.00866,0.58222,0.80834,0.21746
5.654237828983431,-0.01224,0.5755,0.80798,0.22024
5.6605273037653925,-0.02178,0.56426,0.80914,0.22309999999999997
5.666816778547354,-0.0359,0.555,0.8144,0.22349999999999992
5.6731062533293155,-0.03928,0.54844,0.81922,0.23149999999999993
5.6793957281112775,-0.03794,0.53146,0.8239,0.25449999999999995
5.6856852028932385,-0.05026,0.52706,0.82622,0.2489
5.6919746776752005,-0.05436,0.5163,0.82588,0.25522
5.698264152457162,-0.05872,0.5001,0.83306,0.27424000000000004
5.7045536272391235,-0.06414,0.48994,0.83576,0.28168
5.710843102021085,-0.07482,0.48044,0.83984,0.28458000000000006
5.7171325768030465,-0.08128,0.4681,0.84456,0.29517999999999994
5.7234220515850085,-0.08588,0.45656,0.84748,0.30504000000000003
5.72971152636697,-0.09098,0.4488,0.85148,0.3117
5.7360010011489315,-0.08788,0.4398,0.8569,0.32922
5.742290475930893,-0.10024,0.419,0.8567,0.33746000000000004
5.7485799507128545,-0.11272,0.41612,0.85902,0.33018
5.754869425494816,-0.11704,0.4025,0.86562,0.3460799999999999
5.761158900276778,-0.11682,0.39032,0.8668,0.35966
5.767448375058739,-0.12576,0.3818,0.86872,0.3611600000000001
5.773737849840701,-0.1331,0.37018,0.87158,0.3683
5.780027324622662,-0.13842,0.35308,0.87672,0.38522000000000006
5.786316799404624,-0.1403,0.34236,0.87968,0.39702000000000004
5.792606274186585,-0.15702,0.33184,0.8831,0.39424000000000003
5.798895748968547,-0.15592,0.32474,0.88476,0.40409999999999996
5.805185223750509,-0.15896,0.30462,0.88736,0.42378000000000005
5.81147469853247,-0.17522,0.29574,0.8915,0.42054
5.817764173314432,-0.17358,0.27924,0.8948,0.44198
5.824053648096393,-0.1807,0.2745,0.89854,0.44334
5.830343122878355,-0.19106,0.26,0.89672,0.44565999999999995
5.836632597660316,-0.2,0.2475,0.90034,0.45283999999999996
5.842922072442278,-0.20546,0.2312,0.90404,0.46738
5.849211547224239,-0.20972,0.22538,0.90784,0.47273999999999994
5.855501022006201,-0.21626,0.20964,0.90986,0.48396
5.861790496788162,-0.21056,0.19944,0.91472,0.5047200000000001
5.868079971570124,-0.22938,0.18576,0.91204,0.4968999999999999
5.874369446352085,-0.22516,0.17284,0.91636,0.5183599999999999
5.880658921134047,-0.24492,0.16418,0.9182,0.5091
5.886948395916009,-0.24766,0.14462,0.92234,0.5300600000000001
5.89323787069797,-0.25548,0.12714,0.92568,0.5430599999999999
5.899527345479932,-0.25924,0.12184,0.92804,0.5469599999999999
5.905816820261893,-0.26422,0.10806,0.92856,0.55628
5.912106295043855,-0.26484,0.09598,0.93186,0.57104
5.918395769825816,-0.27638,0.08054,0.93542,0.5785
5.924685244607778,-0.28212,0.07458,0.93648,0.5797800000000001
5.930974719389739,-0.28748,0.05904,0.93798,0.5914600000000001
5.937264194171701,-0.2924,0.04866,0.9429,0.6018399999999999
5.943553668953662,-0.29832,0.03708,0.94258,0.60718
5.949843143735624,-0.30096,0.02148,0.94494,0.6225
5.956132618517585,-0.31154,0.00718,0.94606,0.62734
5.962422093299547,-0.31606,0.00096,0.94956,0.63254
5.968711568081509,-0.32456,-0.01592,0.95194,0.6433000000000001
5.97500104286347,-0.33402,-0.02264,0.95428,0.6429
5.981290517645432,-0.33552,-0.03844,0.95486,0.65778
5.987579992427393,-0.34008,-0.04758,0.9566,0.6640999999999999
5.993869467209355,-0.34772,-0.06168,0.95836,0.67232
6.000158941991316,-0.34878,-0.07518,0.95932,0.68572
6.006448416773278,-0.35652,-0.08728,0.96338,0.69414
6.012737891555239,-0.36208,-0.09956,0.96488,0.70236
6.019027366337201,-0.37322,-0.11514,0.96418,0.7061000000000001
6.025316841119162,-0.37494,-0.12776,0.96666,0.71948
6.031606315901124,-0.38368,-0.14782,0.96876,0.7328999999999999
6.037895790683086,-0.38666,-0.15434,0.96914,0.73682
6.044185265465047,-0.38942,-0.1645,0.97152,0.7466
6.050474740247009,-0.40082,-0.17242,0.97382,0.74542
6.05676421502897,-0.40216,-0.19782,0.97312,0.7687799999999999
6.063053689810932,-0.4126,-0.19988,0.97524,0.7625200000000001
6.069343164592893,-0.41854,-0.21078,0.97732,0.7695599999999999
6.075632639374855,-0.42724,-0.22688,0.9786,0.77824
6.081922114156816,-0.42978,-0.23778,0.9808,0.7888000000000001
6.088211588938778,-0.43742,-0.2548,0.9813,0.79868
6.094501063720739,-0.43922,-0.26762,0.98206,0.81046
6.100790538502701,-0.4506,-0.26968,0.98282,0.8019000000000001
6.107080013284662,-0.45008,-0.28488,0.98512,0.81992
6.113369488066624,-0.45432,-0.2947,0.98538,0.82576
6.119658962848586,-0.46606,-0.30982,0.98608,0.8298399999999999
6.125948437630547,-0.4699,-0.3236,0.9882,0.8419
6.132237912412509,-0.47644,-0.3318,0.98798,0.84334
6.13852738719447,-0.47792,-0.35362,0.98958,0.86528
6.144816861976432,-0.48934,-0.35886,0.99056,0.86008
6.151106336758393,-0.48844,-0.37092,0.99106,0.8735400000000001
6.157395811540355,-0.4932,-0.3827,0.99286,0.8823599999999999
6.163685286322316,-0.4952,-0.39102,0.99252,0.8883399999999999
6.169974761104278,-0.50984,-0.40388,0.99334,0.8873800000000001
6.176264235886239,-0.50962,-0.42136,0.99424,0.90598
6.182553710668201,-0.51546,-0.43174,0.99496,0.9112399999999999
6.188843185450162,-0.5272,-0.44346,0.99546,0.9117200000000001
6.195132660232124,-0.5276,-0.44988,0.99662,0.9189
6.201422135014086,-0.5336,-0.46502,0.99674,0.92816
6.207711609796047,-0.54212,-0.46854,0.99714,0.9235599999999999
6.214001084578009,-0.54536,-0.48336,0.99784,0.93584
6.22029055935997,-0.5493,-0.49326,0.99814,0.9420999999999999
6.226580034141932,-0.55102,-0.50494,0.99864,0.9525600000000001
6.232869508923893,-0.5612,-0.51926,0.99864,0.9567
6.239158983705855,-0.56456,-0.52598,0.99906,0.96048
6.245448458487816,-0.56662,-0.53844,0.99938,0.9712000000000001
6.251737933269778,-0.57266,-0.5488,0.9995,0.9756400000000001
6.258027408051739,-0.58122,-0.556,0.9997,0.9744800000000001
6.264316882833701,-0.58414,-0.56618,0.99988,0.98192
6.270606357615662,-0.59036,-0.57772,0.99988,0.98724
6.276895832397624,-0.5937,-0.58904,0.99996,0.9953
6.283185307179586,-0.60224,-0.59534,1.0,0.9931
